function M = out_18254;
M = [ -22815.430705 -13068.825210   4288.645698;
-22888.711326 -13218.380038   3353.473590;
-22935.602648 -13346.556000   2411.939719;
-22955.135889 -13454.353884   1465.831384;
-22946.425639 -13542.843614    516.943577;
-22908.673971 -13613.158948   -432.924335;
-22841.174184 -13666.491918  -1381.971924;
-22743.314187 -13704.087035  -2328.401018;
-22614.579485 -13727.235291  -3270.419003;
-22454.555777 -13737.267974  -4206.242113;
-22262.931142 -13735.550329  -5134.098697;
-22039.497809 -13723.475091  -6052.232467;
-21784.153500 -13702.455913  -6958.905707;
-21496.902347 -13673.920721  -7852.402452;
-21177.855374 -13639.305020  -8731.031631;
-20827.230545 -13600.045182  -9593.130149;
-20445.352372 -13557.571746 -10437.065939;
-20032.651092 -13513.302750 -11261.240941;
-19589.661416 -13468.637128 -12064.094035;
-19117.020843 -13424.948208 -12844.103898;
-18615.467565 -13383.577314 -13599.791800;
-18085.837954 -13345.827531 -14329.724325;
-17529.063647 -13312.957630 -15032.516012;
-16946.168250 -13286.176193 -15706.831914;
-16338.263654 -13266.635970 -16351.390073;
-15706.545999 -13255.428465 -16964.963906;
-15052.291287 -13253.578806 -17546.384487;
-14376.850668 -13262.040899 -18094.542748;
-13681.645419 -13281.692894 -18608.391557;
-12968.161631 -13313.332980 -19086.947710;
-12237.944630 -13357.675534 -19529.293801;
-11492.593153 -13415.347627 -19934.579982;
-10733.753302 -13486.885920 -20302.025612;
 -9963.112301 -13572.733947 -20630.920779;
 -9182.392079 -13673.239807 -20920.627707;
 -8393.342712 -13788.654277 -21170.582029;
 -7597.735744 -13919.129342 -21380.293946;
 -6797.357411 -14064.717165 -21549.349236;
 -5994.001809 -14225.369495 -21677.410149;
 -5189.464023 -14400.937514 -21764.216151;
 -4385.533247 -14591.172131 -21809.584543;
 -3583.985930 -14795.724714 -21813.410929;
 -2786.578962 -15014.148272 -21775.669549;
 -1995.042951 -15245.899067 -21696.413470;
 -1211.075596 -15490.338667 -21575.774628;
  -436.335198 -15746.736413 -21413.963724;
   327.565665 -16014.272313 -21211.269981;
  1079.066278 -16292.040333 -20968.060745;
  1816.663715 -16579.052082 -20684.780940;
  2538.918520 -16874.240877 -20361.952380;
  3244.460127 -17176.466163 -20000.172928;
  3931.991988 -17484.518282 -19600.115509;
  4600.296399 -17797.123566 -19162.526975;
  5248.238980 -18112.949724 -18688.226828;
  5874.772815 -18430.611522 -18178.105791;
  6478.942217 -18748.676711 -17633.124243;
  7059.886107 -19065.672189 -17054.310509;
  7616.840986 -19380.090373 -16442.759009;
  8149.143498 -19690.395740 -15799.628278;
  8656.232558 -19995.031533 -15126.138839;
  9137.651047 -20292.426574 -14423.570962;
  9593.047054 -20581.002181 -13693.262280;
 10022.174674 -20859.179141 -12936.605294;
 10424.894337 -21125.384717 -12155.044752;
 10801.172691 -21378.059654 -11350.074917;
 11151.082013 -21615.665160 -10523.236725;
 11474.799168 -21836.689822  -9676.114835;
 11772.604116 -22039.656428  -8810.334590;
 12044.877961 -22223.128677  -7927.558874;
 12292.100573 -22385.717720  -7029.484888;
 12514.847767 -22526.088540  -6117.840852;
 12713.788073 -22642.966099  -5194.382618;
 12889.679092 -22735.141265  -4260.890232;
 13043.363476 -22801.476462  -3319.164432;
 13175.764522 -22840.911031  -2371.023088;
 13287.881425 -22852.466278  -1418.297609;
 13380.784194 -22835.250176   -462.829306;
 13455.608266 -22788.461709    493.534268;
 13513.548828 -22711.394839   1448.943005;
 13555.854884 -22603.442062   2401.547932;
 13583.823095 -22464.097556   3349.504907;
 13598.791401 -22292.959894   4290.978317;
 13602.132485 -22089.734317   5224.144750;
 13595.247076 -21854.234540   6147.196656;
 13579.557143 -21586.384109   7058.345973;
 13556.499009 -21286.217278   7955.827713;
 13527.516399 -20953.879414   8837.903507;
 13494.053480 -20589.626926   9702.865087;
 13457.547898 -20193.826713  10549.037714;
 13419.423871 -19766.955143  11374.783529;
 13381.085337 -19309.596555  12178.504826;
 13343.909227 -18822.441305  12958.647246;
 13309.238849 -18306.283351  13713.702868;
 13278.377459 -17762.017392  14442.213213;
 13252.582009 -17190.635586  15142.772128;
 13233.057126 -16593.223837  15814.028568;
 13220.949334 -15970.957694  16454.689258;
 13217.341558 -15325.097863  17063.521223;
 13223.247915 -14656.985358  17639.354202;
 13239.608844 -13968.036314  18181.082916;
 13267.286565 -13259.736483  18687.669203;
 13307.060911 -12533.635440  19158.144010;
 13359.625540 -11791.340519  19591.609238;
 13425.584542 -11034.510521  19987.239432;
 13505.449469 -10264.849198  20344.283328;
 13599.636779  -9484.098566  20662.065238;
 13708.465726  -8694.032063  20939.986275;
 13832.156692  -7896.447587  21177.525424;
 13970.829970  -7093.160440  21374.240453;
 14124.505005  -6285.996212  21529.768652;
 14293.100096  -5476.783646  21643.827424;
 14476.432553  -4667.347490  21716.214705;
 14674.219315  -3859.501398  21746.809217;
 14886.078022  -3055.040881  21735.570575;
 15111.528535  -2255.736366  21682.539214;
 15349.994897  -1463.326366  21587.836170;
 15600.807725   -679.510814  21451.662701;
 15863.207020     94.055424  21274.299740;
 16136.345390    855.768834  21056.107211;
 16419.291654   1604.083295  20797.523185;
 16711.034831   2337.515864  20499.062880;
 17010.488482   3054.652275  20161.317531;
 17316.495386   3754.152135  19784.953107;
 17627.832533   4434.753784  19370.708886;
 17943.216418   5095.278816  18919.395909;
 18261.308592   5734.636229  18431.895285;
 18580.721470   6351.826197  17909.156386;
 18900.024354   6945.943436  17352.194905;
 19217.749646   7516.180174  16762.090804;
 19532.399238   8061.828688  16139.986148;
 19842.451027   8582.283414  15487.082827;
 20146.365551   9077.042625  14804.640178;
 20442.592705   9545.709655  14093.972505;
 20729.578504   9987.993688  13356.446509;
 21005.771881  10403.710084  12593.478626;
 21269.631469  10792.780269  11806.532289;
 21519.632358  11155.231170  10997.115101;
 21754.272789  11491.194211  10166.775951;
 21972.080752  11800.903866   9317.102048;
 22171.620473  12084.695791   8449.715911;
 22351.498757  12343.004523   7566.272286;
 22510.371150  12576.360777   6668.455032;
 22646.947916  12785.388345   5757.973945;
 22759.999786  12970.800608   4836.561558;
 22848.363459  13133.396680   3905.969901;
 22910.946846  13274.057206   2967.967239;
 22946.734009  13393.739819   2024.334779;
 22954.789803  13493.474292   1076.863376;
 22934.264183  13574.357396    127.350215;
 22884.396163  13637.547487   -822.404502;
 22804.517418  13684.258847  -1770.600877;
 22694.055502  13715.755803  -2715.442621;
 22552.536682  13733.346648  -3655.140354;
 22379.588363  13738.377392  -4587.914887;
 22174.941108  13732.225366  -5512.000483;
 21938.430229  13716.292710  -6425.648083;
 21669.996964  13691.999764  -7327.128514;
 21369.689210  13660.778402  -8214.735642;
 21037.661830  13624.065330  -9086.789500;
 20674.176516  13583.295371  -9941.639352;
 20279.601229  13539.894775 -10777.666718;
 19854.409192  13495.274578 -11593.288334;
 19399.177464  13450.824032 -12386.959056;
 18914.585087  13407.904149 -13157.174690;
 18401.410812  13367.841358 -13902.474759;
 17860.530430  13331.921339 -14621.445192;
 17292.913691  13301.383025 -15312.720930;
 16699.620852  13277.412820 -15974.988455;
 16081.798843  13261.139041 -16606.988224;
 15440.677092  13253.626628 -17207.517016;
 14777.562994  13255.872119 -17775.430183;
 14093.837076  13268.798934 -18309.643794;
 13390.947847  13293.252969 -18809.136687;
 12670.406378  13329.998539 -19272.952406;
 11933.780622  13379.714670 -19700.201028;
 11182.689488  13442.991758 -20090.060877;
 10418.796718  13520.328630 -20441.780123;
  9643.804569  13612.129986 -20754.678257;
  8859.447334  13718.704265 -21028.147442;
  8067.484727  13840.261930 -21261.653743;
  7269.695168  13976.914171 -21454.738218;
  6467.868976  14128.672064 -21607.017890;
  5663.801519  14295.446148 -21718.186575;
  4859.286336  14477.046459 -21788.015574;
  4056.108263  14673.183006 -21816.354235;
