 function M = outvel;
M = [ -2871.079435  -5351.985224 -31046.602518;
 -2008.472403  -4623.487116 -31288.336605;
 -1112.231501  -3927.139622 -31470.659018;
  -185.063632  -3265.332711 -31593.258160;
   770.181692  -2640.284060 -31655.932874;
  1750.523962  -2054.030136 -31658.592587;
  2752.863811  -1508.418052 -31601.257261;
  3773.995640  -1005.098220 -31484.057175;
  4810.620676   -545.517858 -31307.232522;
  5859.360407   -130.915332 -31071.132827;
  6916.770347    237.684597 -30776.216195;
  7979.354062    559.474652 -30423.048385;
  9043.577416    833.867982 -30012.301709;
 10105.882962   1060.500204 -29544.753765;
 11162.704438   1239.230495 -29021.286007;
 12210.481293   1370.141767 -28442.882146;
 13245.673201   1453.539892 -27810.626394;
 14264.774489   1489.952011 -27125.701550;
 15264.328434   1480.123912 -26389.386923;
 16240.941363   1425.016494 -25603.056114;
 17191.296506   1325.801341 -24768.174638;
 18112.167542   1183.855412 -23886.297403;
 19000.431789   1000.754865 -22959.066047;
 19853.082972    778.268057 -21988.206128;
 20667.243538    518.347730 -20975.524185;
 21440.176449    223.122423 -19922.904651;
 22169.296421   -105.112861 -18832.306653;
 22852.180544   -463.906689 -17705.760664;
 23486.578264   -850.661910 -16545.365047;
 24070.420659  -1262.646977 -15353.282468;
 24601.829000  -1697.007855 -14131.736199;
 25079.122526  -2150.780470 -12883.006302;
 25500.825437  -2620.903622 -11609.425705;
 25865.673046  -3104.232351 -10313.376180;
 26172.617072  -3597.551666  -8997.284210;
 26420.830062  -4097.590603  -7663.616767;
 26609.708901  -4601.036549  -6314.876999;
 26738.877410  -5104.549779  -4953.599827;
 26808.188005  -5604.778135  -3582.347466;
 26817.722423  -6098.371798  -2203.704868;
 26767.791486  -6581.998092   -820.275094;
 26658.933928  -7052.356248    565.325370;
 26491.914261  -7506.192080   1950.471362;
 26267.719703  -7940.312503   3332.533838;
 25987.556162  -8351.599832   4708.884709;
 25652.843307  -8737.025804   6076.901714;
 25265.208720  -9093.665262   7433.973325;
 24826.481175  -9418.709437   8777.503661;
 24338.683044  -9709.478777  10104.917428;
 23804.021874  -9963.435264  11413.664844;
 23224.881162 -10178.194155  12701.226574;
 22603.810361 -10351.535111  13965.118638;
 21943.514162 -10481.412644  15202.897293;
 21246.841085 -10565.965849  16412.163888;
 20516.771436 -10603.527368  17590.569663;
 19756.404668 -10592.631539  18735.820495;
 18968.946210 -10532.021703  19845.681578;
 18157.693803 -10420.656617  20917.982019;
 17326.023413 -10257.715953  21950.619350;
 16477.374778 -10042.604846  22941.563932;
 15615.236645  -9774.957472  23888.863257;
 14743.131768  -9454.639630  24790.646110;
 13864.601723  -9081.750313  25645.126611;
 12983.191620  -8656.622259  26450.608101;
 12102.434765  -8179.821470  27205.486873;
 11225.837351  -7652.145700  27908.255728;
 10356.863237  -7074.621912  28557.507363;
  9498.918897  -6448.502709  29151.937554;
  8655.338594  -5775.261757  29690.348149;
  7829.369851  -5056.588208  30171.649841;
  7024.159292  -4294.380148  30594.864728;
  6242.738914  -3490.737102  30959.128639;
  5488.012848  -2647.951615  31263.693224;
  4762.744680  -1768.499952  31507.927798;
  4069.545390   -855.031953  31691.320933;
  3410.861966     89.639908  31813.481791;
  2788.966737   1062.552218  31874.141192;
  2205.947493   2060.603025  31873.152410;
  1663.698427   3080.564872  31810.491705;
  1163.911946   4119.098427  31686.258568;
   708.071390   5172.766634  31500.675691;
   297.444699   6238.049324  31254.088663;
   -66.920955   7311.358223  30946.965376;
  -384.203525   8389.052276  30579.895160;
  -653.809435   9467.453240  30153.587635;
  -875.375878  10542.861443  29668.871290;
 -1048.772075  11611.571666  29126.691791;
 -1174.099473  12669.889054  28528.110013;
 -1251.690891  13714.144991  27874.299823;
 -1282.108608  14740.712867  27166.545596;
 -1266.141421  15746.023659  26406.239484;
 -1204.800658  16726.581258  25594.878444;
 -1099.315201  17678.977467  24734.061034;
  -951.125506  18599.906614  23825.483982;
  -761.876686  19486.179689  22870.938539;
  -533.410657  20334.737970  21872.306634;
  -267.757407  21142.666052  20831.556830;
    32.874579  21907.204235  19750.740102;
   366.108689  22625.760208  18631.985441;
   729.411303  23295.919981  17477.495309;
  1120.103605  23915.458019  16289.540938;
  1535.374033  24482.346524  15070.457506;
  1972.291308  24994.763838  13822.639192;
  2427.817984  25451.101925  12548.534121;
  2898.824444  25849.972899  11250.639226;
  3382.103299  26190.214576   9931.495019;
  3874.384099  26470.895028   8593.680311;
  4372.348302  26691.316117   7239.806867;
  4872.644430  26851.016007   5872.514027;
  5371.903344  26949.770633   4494.463307;
  5866.753568  26987.594138   3108.332975;
  6353.836585  26964.738274   1716.812638;
  6829.822054  26881.690768    322.597832;
  7291.422863  26739.172676  -1071.615359;
  7735.409965  26538.134738  -2463.135649;
  8158.626917  26279.752745  -3849.281851;
  8558.004083  25965.421958  -5227.388120;
  8930.572407  25596.750592  -6594.809126;
  9273.476728  25175.552407  -7948.925153;
  9583.988561  24703.838446  -9287.147105;
  9859.518299  24183.807950 -10606.921416;
 10097.626782  23617.838492 -11905.734859;
 10296.036184  23008.475392 -13181.119238;
 10452.640179  22358.420444 -14430.655951;
 10565.513343  21670.520016 -15651.980440;
 10632.919744  20947.752576 -16842.786489;
 10653.320713  20193.215696 -18000.830393;
 10625.381729  19410.112595 -19123.934964;
 10547.978425  18601.738280 -20209.993399;
 10420.201678  17771.465348 -21256.972980;
 10241.361764  16922.729501 -22262.918611;
 10010.991571  16059.014846 -23225.956190;
  9728.848847  15183.839043 -24144.295812;
  9394.917501  14300.738357 -25016.234792;
  9009.407928  13413.252677 -25840.160513;
  8572.756376  12524.910576 -26614.553096;
  8085.623362  11639.214461 -27337.987888;
  7548.891136  10759.625881 -28009.137762;
  6963.660219   9889.551048 -28626.775236;
  6331.245022   9032.326643 -29189.774403;
  5653.168577   8191.205949 -29697.112674;
  4931.156393   7369.345370 -30147.872336;
  4167.129482   6569.791403 -30541.241919;
  3363.196561   5795.468102 -30876.517373;
  2521.645493   5049.165081 -31153.103061;
  1644.933981   4333.526121 -31370.512568;
   735.679568   3651.038405 -31528.369311;
  -203.351018   3004.022441 -31626.406977;
 -1169.253137   2394.622695 -31664.469772;
 -2158.996061   1824.798988 -31642.512479;
 -3169.435324   1296.318675 -31560.600348;
 -4197.325529    810.749646 -31418.908796;
 -5239.333566    369.454171 -31217.722934;
 -6292.052194    -26.416388 -30957.436911;
 -7352.013911   -375.925975 -30638.553093;
 -8415.705083   -678.357334 -30261.681066;
 -9479.580255   -933.214588 -29827.536463;
-10540.076589  -1140.224885 -29336.939636;
-11593.628381  -1299.339124 -28790.814150;
-12636.681592  -1410.731730 -28190.185125;
-13665.708325  -1474.799512 -27536.177411;
-14677.221215  -1492.159583 -26830.013611;
-15667.787647  -1463.646369 -26073.011944;
-16634.043763  -1390.307699 -25266.583961;
-17572.708195  -1273.400019 -24412.232112;
-18480.595474  -1114.382724 -23511.547164;
-19354.629047   -914.911642 -22566.205476;
-20191.853875   -676.831696 -21577.966142;
-20989.448535   -402.168770 -20548.667985;
-21744.736790    -93.120810 -19480.226429;
-22455.198584    247.951798 -18374.630235;
-23118.480405    618.536546 -17233.938109;
-23732.404981   1015.979771 -16060.275196;
-24294.980272   1437.498222 -14855.829442;
-24804.407708   1880.191195 -13622.847853;
-25259.089656   2341.053178 -12363.632630;
-25657.636062   2816.986958 -11080.537210;
-25998.870263   3304.817141  -9775.962192;
-26281.833924   3801.304019  -8452.351173;
-26505.791090   4303.157751  -7112.186483;
-26670.231318   4807.052778  -5757.984840;
-26774.871904   5309.642420  -4392.292909;
-26819.659150   5807.573612  -3017.682796;
-26804.768703   6297.501686  -1636.747457;
-26730.604938   6776.105173   -252.096052;
