function p = as
p=zeros(742, 3 );
p = [ -0.000558492 1.37689e-05 1.37708e-05;
-0.000558643 1.03276e-05 1.0329e-05;
-0.000558751 6.88554e-06 6.88649e-06;
-0.000558815 3.44291e-06 3.44338e-06;
-0.000558837 -0 -0;
-0.000558899 -3.44343e-06 -3.4439e-06;
-0.000558919 -6.88788e-06 -6.88882e-06;
-0.000558895 -1.03331e-05 -1.03345e-05;
-0.000558829 -1.37787e-05 -1.37806e-05;
-0.000558635 -1.7222e-05 -1.72243e-05;
-0.000558482 -2.06673e-05 -2.06702e-05;
-0.00055837 -2.41166e-05 -2.41199e-05;
-0.000558298 -2.75716e-05 -2.75754e-05;
-0.000558268 -3.10341e-05 -3.10384e-05;
-0.000558278 -3.4506e-05 -3.45107e-05;
-0.000558329 -3.7989e-05 -3.79942e-05;
-0.00055842 -4.1485e-05 -4.14908e-05;
-0.000558552 -4.49959e-05 -4.50022e-05;
-0.000558724 -4.85236e-05 -4.85303e-05;
-0.000558936 -5.20699e-05 -5.20771e-05;
-0.000559187 -5.56367e-05 -5.56444e-05;
-0.000559479 -5.9226e-05 -5.92342e-05;
-0.000559811 -6.28397e-05 -6.28484e-05;
-0.000560182 -6.64799e-05 -6.64892e-05;
-0.000560592 -7.01486e-05 -7.01583e-05;
-0.000561042 -7.38478e-05 -7.38581e-05;
-0.000561532 -7.75796e-05 -7.75905e-05;
-0.00056206 -8.13463e-05 -8.13577e-05;
-0.000562627 -8.51499e-05 -8.51618e-05;
-0.000563233 -8.89927e-05 -8.90052e-05;
-0.000563878 -9.28771e-05 -9.28901e-05;
-0.000564561 -9.68053e-05 -9.68189e-05;
-0.000565282 -0.00010078 -0.000100794;
-0.000566041 -0.000104803 -0.000104818;
-0.000566838 -0.000108877 -0.000108893;
-0.000567672 -0.000113006 -0.000113022;
-0.000568544 -0.00011719 -0.000117207;
-0.000569452 -0.000121434 -0.000121452;
-0.000570397 -0.000125741 -0.000125759;
-0.000571378 -0.000130112 -0.000130131;
-0.000572395 -0.000134551 -0.00013457;
-0.000573447 -0.000139061 -0.000139082;
-0.000574534 -0.000143646 -0.000143667;
-0.000575656 -0.000148309 -0.00014833;
-0.000576811 -0.000153052 -0.000153075;
-0.000577999 -0.000157881 -0.000157904;
-0.000579219 -0.000162797 -0.000162821;
-0.000580471 -0.000167806 -0.000167831;
-0.000581754 -0.000172911 -0.000172937;
-0.000583067 -0.000178116 -0.000178143;
-0.000584408 -0.000183426 -0.000183454;
-0.000585777 -0.000188845 -0.000188873;
-0.000587173 -0.000194377 -0.000194407;
-0.000588595 -0.000200028 -0.000200058;
-0.00059004 -0.000205802 -0.000205834;
-0.000591507 -0.000211705 -0.000211737;
-0.000592995 -0.000217742 -0.000217775;
-0.000594502 -0.000223918 -0.000223953;
-0.000596026 -0.00023024 -0.000230275;
-0.000597564 -0.000236713 -0.00023675;
-0.000599114 -0.000243344 -0.000243383;
-0.000600674 -0.00025014 -0.00025018;
-0.00060224 -0.000257108 -0.000257149;
-0.000603811 -0.000264255 -0.000264297;
-0.000605381 -0.000271588 -0.000271632;
-0.000606948 -0.000279116 -0.000279161;
-0.000608507 -0.000286847 -0.000286894;
-0.000610054 -0.000294789 -0.000294837;
-0.000611585 -0.000302952 -0.000303002;
-0.000613094 -0.000311345 -0.000311397;
-0.000614575 -0.000319978 -0.000320032;
-0.000616022 -0.000328862 -0.000328918;
-0.000617428 -0.000338008 -0.000338066;
-0.000618787 -0.000347427 -0.000347487;
-0.000620089 -0.000357131 -0.000357194;
-0.000621326 -0.000367133 -0.000367198;
-0.000622489 -0.000377447 -0.000377514;
-0.000623566 -0.000388086 -0.000388155;
-0.000624547 -0.000399064 -0.000399136;
-0.000625419 -0.000410398 -0.000410473;
-0.000626169 -0.000422102 -0.00042218;
-0.00062678 -0.000434195 -0.000434276;
-0.000627238 -0.000446694 -0.000446778;
-0.000627524 -0.000459618 -0.000459705;
-0.000627618 -0.000472985 -0.000473076;
-0.0006275 -0.000486817 -0.000486912;
-0.000627146 -0.000501135 -0.000501234;
-0.000626529 -0.000515962 -0.000516064;
-0.000625623 -0.00053132 -0.000531427;
-0.000624397 -0.000547236 -0.000547348;
-0.000622816 -0.000563735 -0.000563852;
-0.000620844 -0.000580844 -0.000580966;
-0.00061844 -0.000598592 -0.000598718;
-0.000615559 -0.000617007 -0.00061714;
-0.000612154 -0.000636122 -0.00063626;
-0.000608169 -0.000655967 -0.000656112;
-0.000603547 -0.000676578 -0.000676729;
-0.000598222 -0.000697987 -0.000698146;
-0.000592123 -0.000720232 -0.000720398;
-0.000585171 -0.000743349 -0.000743523;
-0.00057728 -0.000767376 -0.000767559;
-0.000568355 -0.000792353 -0.000792544;
-0.000558292 -0.000818318 -0.000818519;
-0.000546975 -0.000845312 -0.000845523;
-0.000534277 -0.000873376 -0.000873598;
-0.000520059 -0.000902549 -0.000902782;
-0.000504167 -0.000932871 -0.000933116;
-0.000486432 -0.000964379 -0.000964637;
-0.000466666 -0.00099711 -0.000997381;
-0.000444666 -0.0010311 -0.00103138;
-0.000420205 -0.00106636 -0.00106667;
-0.000393035 -0.00110294 -0.00110326;
-0.000362884 -0.00114084 -0.00114117;
-0.000329454 -0.00118007 -0.00118042;
-0.000292419 -0.00122062 -0.00122099;
-0.00025142 -0.00126247 -0.00126286;
-0.00020607 -0.00130559 -0.00130601;
-0.000155945 -0.00134992 -0.00135036;
-0.000100586 -0.00139537 -0.00139583;
-3.9501e-05 -0.00144181 -0.0014423;
2.78413e-05 -0.00148911 -0.00148961;
0.000102005 -0.00153704 -0.00153757;
0.000183589 -0.00158535 -0.00158591;
0.000273217 -0.00163372 -0.0016343;
0.000371535 -0.00168175 -0.00168236;
0.000479202 -0.00172896 -0.0017296;
0.000596872 -0.00177477 -0.00177543;
0.000725177 -0.00181848 -0.00181916;
0.000864706 -0.00185928 -0.00185998;
0.00101597 -0.00189622 -0.00189693;
0.00117935 -0.0019282 -0.00192891;
0.00135509 -0.00195397 -0.00195468;
0.00154319 -0.00197213 -0.00197284;
0.00174339 -0.00198115 -0.00198184;
0.00195506 -0.00197936 -0.00198;
0.00217714 -0.00196499 -0.00196557;
0.00240809 -0.00193622 -0.00193673;
0.00264578 -0.00189127 -0.00189168;
0.00288748 -0.00182845 -0.00182873;
0.0031298 -0.00174627 -0.00174639;
0.00336873 -0.00164356 -0.0016435;
0.00359969 -0.00151963 -0.00151935;
0.00381764 -0.00137436 -0.00137382;
0.00401727 -0.00120831 -0.0012075;
0.00419324 -0.00102284 -0.00102172;
0.00434045 -0.000820106 -0.000818672;
0.00445434 -0.000603077 -0.000601311;
0.00453124 -0.000375411 -0.000373314;
0.00456857 -0.000141326 -0.000138906;
0.00456509 9.46189e-05 9.73421e-05;
0.00452095 0.000327763 0.000330761;
0.00443772 0.000553601 0.000556836;
0.00431825 0.000768018 0.000771446;
0.00416644 0.000967492 0.000971065;
0.00398701 0.00114923 0.0011529;
0.00378515 0.00131125 0.00131496;
0.00356622 0.00145236 0.00145607;
0.0033355 0.00157217 0.00157582;
0.00309793 0.00167092 0.00167449;
0.00285799 0.00174945 0.0017529;
0.00261953 0.00180898 0.00181229;
0.0023858 0.00185107 0.00185421;
0.00215938 0.00187745 0.0018804;
0.00194224 0.0018899 0.00189267;
0.00173581 0.00189025 0.00189282;
0.00154102 0.00188023 0.0018826;
0.0013584 0.00186148 0.00186366;
0.00118813 0.00183552 0.00183751;
0.00103013 0.00180369 0.0018055;
0.000884136 0.00176722 0.00176885;
0.000749702 0.00172715 0.00172862;
0.000626293 0.00168441 0.00168571;
0.000513302 0.00163976 0.00164092;
0.000410085 0.00159388 0.0015949;
0.000315983 0.00154732 0.00154821;
0.000230337 0.00150053 0.0015013;
0.000152503 0.00145389 0.00145454;
8.18617e-05 0.00140769 0.00140825;
1.78243e-05 0.00136219 0.00136265;
-4.01651e-05 0.00131756 0.00131793;
-9.26264e-05 0.00127396 0.00127425;
-0.000140043 0.00123149 0.00123171;
-0.000182862 0.00119022 0.00119038;
-0.000221495 0.00115022 0.00115032;
-0.000256321 0.00111151 0.00111155;
-0.000287686 0.00107411 0.0010741;
-0.000315907 0.00103802 0.00103796;
-0.000341273 0.00100322 0.00100312;
-0.000364047 0.000969704 0.00096956;
-0.000384468 0.000937441 0.000937261;
-0.000402753 0.000906403 0.00090619;
-0.000419101 0.000876555 0.000876313;
-0.00043369 0.000847862 0.000847592;
-0.000446683 0.000820284 0.00081999;
-0.000458228 0.000793782 0.000793466;
-0.000468459 0.000768317 0.00076798;
-0.000477498 0.000743849 0.000743493;
-0.000485454 0.000720337 0.000719964;
-0.000492428 0.000697743 0.000697355;
-0.00049851 0.000676028 0.000675626;
-0.000503783 0.000655155 0.000654741;
-0.000508322 0.000635088 0.000634663;
-0.000512194 0.000615792 0.000615356;
-0.000515462 0.000597232 0.000596787;
-0.000518182 0.000579377 0.000578924;
-0.000520403 0.000562195 0.000561735;
-0.000522174 0.000545657 0.000545189;
-0.000523535 0.000529732 0.000529259;
-0.000524527 0.000514395 0.000513916;
-0.000525182 0.000499618 0.000499135;
