function p = positions
p=zeros(1009, 3 );
p = [ 26707 -164.548 -164.548;
26707.4 -123.411 -123.411;
26707.7 -82.2734 -82.2734;
26707.9 -41.1366 -41.1366;
26708 0 0;
26707.9 41.1366 41.1366;
26707.7 82.2734 82.2734;
26707.4 123.411 123.411;
26707 164.548 164.548;
26706.6 205.686 205.686;
26706 246.824 246.824;
26705.3 287.961 287.961;
26704.5 329.097 329.097;
26703.5 370.232 370.232;
26702.5 411.365 411.365;
26701.3 452.497 452.497;
26700 493.627 493.627;
26698.5 534.756 534.756;
26696.9 575.882 575.882;
26695.2 617.006 617.006;
26693.4 658.127 658.127;
26691.5 699.246 699.246;
26689.4 740.361 740.361;
26687.2 781.474 781.474;
26684.9 822.583 822.583;
26682.4 863.689 863.689;
26679.8 904.791 904.791;
26677.1 945.89 945.889;
26674.3 986.984 986.984;
26671.4 1028.07 1028.07;
26668.3 1069.16 1069.16;
26665.1 1110.24 1110.24;
26661.7 1151.32 1151.32;
26658.3 1192.39 1192.39;
26654.7 1233.45 1233.45;
26651 1274.51 1274.51;
26647.2 1315.57 1315.57;
26643.2 1356.62 1356.62;
26639.1 1397.66 1397.66;
26634.9 1438.7 1438.7;
26630.6 1479.73 1479.73;
26626.1 1520.75 1520.75;
26621.5 1561.77 1561.77;
26616.8 1602.78 1602.78;
26612 1643.78 1643.78;
26607 1684.78 1684.78;
26602 1725.76 1725.76;
26596.7 1766.74 1766.74;
26591.4 1807.72 1807.72;
26585.9 1848.68 1848.68;
26580.4 1889.64 1889.64;
26574.6 1930.58 1930.58;
26568.8 1971.52 1971.52;
26562.8 2012.45 2012.45;
26556.8 2053.37 2053.37;
26550.5 2094.28 2094.28;
26544.2 2135.19 2135.19;
26537.8 2176.08 2176.08;
26531.2 2216.96 2216.96;
26524.5 2257.83 2257.83;
26517.6 2298.7 2298.7;
26510.7 2339.55 2339.55;
26503.6 2380.39 2380.39;
26496.4 2421.22 2421.22;
26489 2462.04 2462.04;
26481.6 2502.85 2502.85;
26474 2543.64 2543.64;
26466.3 2584.43 2584.43;
26458.4 2625.2 2625.2;
26450.5 2665.96 2665.96;
26442.4 2706.71 2706.71;
26434.2 2747.45 2747.45;
26425.9 2788.17 2788.17;
26417.4 2828.89 2828.88;
26408.8 2869.58 2869.58;
26400.1 2910.27 2910.27;
26391.3 2950.94 2950.94;
26382.3 2991.6 2991.6;
26373.3 3032.25 3032.25;
26364.1 3072.88 3072.88;
26354.7 3113.5 3113.49;
26345.3 3154.1 3154.1;
26335.7 3194.69 3194.68;
26326 3235.26 3235.26;
26316.2 3275.82 3275.82;
26306.3 3316.36 3316.36;
26296.2 3356.89 3356.89;
26286 3397.41 3397.4;
26275.7 3437.9 3437.9;
26265.2 3478.39 3478.38;
26254.7 3518.85 3518.85;
26244 3559.3 3559.3;
26233.2 3599.74 3599.73;
26222.3 3640.15 3640.15;
26211.2 3680.55 3680.55;
26200 3720.94 3720.93;
26188.7 3761.3 3761.3;
26177.3 3801.65 3801.65;
26165.7 3841.98 3841.98;
26154.1 3882.3 3882.29;
26142.3 3922.59 3922.59;
26130.4 3962.87 3962.87;
26118.3 4003.13 4003.13;
26106.2 4043.37 4043.37;
26093.9 4083.59 4083.59;
26081.5 4123.8 4123.79;
26068.9 4163.98 4163.98;
26056.3 4204.15 4204.14;
26043.5 4244.29 4244.29;
26030.6 4284.42 4284.42;
26017.6 4324.53 4324.52;
26004.4 4364.61 4364.61;
25991.2 4404.68 4404.68;
25977.8 4444.73 4444.72;
25964.3 4484.75 4484.75;
25950.6 4524.76 4524.75;
25936.9 4564.74 4564.74;
25923 4604.71 4604.7;
25909 4644.65 4644.64;
25894.9 4684.57 4684.56;
25880.6 4724.47 4724.46;
25866.3 4764.35 4764.34;
25851.8 4804.2 4804.19;
25837.2 4844.03 4844.03;
25822.4 4883.85 4883.84;
25807.6 4923.63 4923.63;
25792.6 4963.4 4963.39;
25777.5 5003.14 5003.13;
25762.3 5042.86 5042.85;
25747 5082.56 5082.55;
25731.5 5122.23 5122.22;
25715.9 5161.88 5161.87;
25700.2 5201.5 5201.49;
25684.4 5241.1 5241.09;
25668.5 5280.68 5280.67;
25652.4 5320.23 5320.22;
25636.2 5359.76 5359.75;
25619.9 5399.26 5399.25;
25603.5 5438.74 5438.73;
25587 5478.19 5478.18;
25570.3 5517.62 5517.61;
25553.5 5557.02 5557.01;
25536.6 5596.4 5596.39;
25519.6 5635.75 5635.74;
25502.5 5675.07 5675.06;
25485.2 5714.37 5714.36;
25467.8 5753.64 5753.63;
25450.3 5792.89 5792.88;
25432.7 5832.11 5832.09;
25415 5871.3 5871.28;
25397.1 5910.46 5910.45;
25379.1 5949.6 5949.58;
25361 5988.71 5988.69;
25342.8 6027.79 6027.77;
25324.5 6066.84 6066.83;
25306 6105.86 6105.85;
25287.4 6144.86 6144.85;
25268.7 6183.83 6183.81;
25249.9 6222.77 6222.75;
25231 6261.68 6261.66;
25211.9 6300.56 6300.55;
25192.8 6339.42 6339.4;
25173.5 6378.24 6378.22;
25154.1 6417.03 6417.02;
25134.6 6455.8 6455.78;
25114.9 6494.53 6494.51;
25095.2 6533.23 6533.22;
25075.3 6571.91 6571.89;
25055.3 6610.55 6610.53;
25035.2 6649.16 6649.15;
25014.9 6687.75 6687.73;
24994.6 6726.3 6726.28;
24974.1 6764.82 6764.8;
24953.5 6803.3 6803.28;
24932.8 6841.76 6841.74;
24912 6880.19 6880.17;
24891.1 6918.58 6918.56;
24870 6956.94 6956.92;
24848.9 6995.27 6995.25;
24827.6 7033.57 7033.54;
24806.2 7071.83 7071.81;
24784.7 7110.06 7110.04;
24763 7148.26 7148.23;
24741.3 7186.42 7186.4;
24719.4 7224.55 7224.53;
24697.4 7262.65 7262.63;
24675.3 7300.72 7300.69;
24653.1 7338.75 7338.72;
24630.8 7376.74 7376.72;
24608.3 7414.71 7414.68;
24585.8 7452.63 7452.61;
24563.1 7490.53 7490.5;
24540.3 7528.39 7528.36;
24517.4 7566.21 7566.18;
24494.4 7604 7603.97;
24471.2 7641.75 7641.72;
24448 7679.47 7679.44;
24424.6 7717.15 7717.12;
24401.1 7754.8 7754.77;
24377.6 7792.41 7792.38;
24353.8 7829.98 7829.95;
24330 7867.52 7867.49;
24306.1 7905.02 7904.99;
24282 7942.48 7942.45;
24257.9 7979.91 7979.88;
24233.6 8017.3 8017.27;
24209.2 8054.66 8054.62;
24184.7 8091.97 8091.94;
24160.1 8129.25 8129.22;
24135.3 8166.49 8166.46;
24110.5 8203.7 8203.66;
24085.5 8240.86 8240.82;
24060.4 8277.99 8277.95;
24035.2 8315.08 8315.04;
24009.9 8352.13 8352.09;
23984.5 8389.14 8389.1;
23959 8426.11 8426.07;
23933.4 8463.04 8463;
23907.6 8499.94 8499.89;
23881.8 8536.79 8536.75;
23855.8 8573.6 8573.56;
23829.7 8610.38 8610.34;
23803.5 8647.11 8647.07;
23777.2 8683.81 8683.76;
23750.8 8720.46 8720.42;
23724.2 8757.08 8757.03;
23697.6 8793.65 8793.61;
23670.8 8830.18 8830.14;
23644 8866.68 8866.63;
23617 8903.13 8903.08;
23589.9 8939.54 8939.49;
23562.7 8975.9 8975.85;
23535.4 9012.23 9012.18;
23508 9048.51 9048.46;
23480.5 9084.76 9084.7;
23452.8 9120.96 9120.9;
23425.1 9157.11 9157.06;
23397.2 9193.23 9193.17;
23369.2 9229.3 9229.25;
23341.2 9265.33 9265.28;
23313 9301.32 9301.26;
23284.7 9337.26 9337.2;
23256.3 9373.16 9373.1;
23227.8 9409.02 9408.96;
23199.1 9444.83 9444.77;
23170.4 9480.6 9480.54;
23141.6 9516.33 9516.27;
23112.6 9552.01 9551.95;
23083.5 9587.64 9587.58;
23054.4 9623.24 9623.17;
23025.1 9658.78 9658.72;
22995.7 9694.29 9694.22;
22966.2 9729.74 9729.68;
22936.6 9765.16 9765.09;
22906.9 9800.52 9800.46;
22877.1 9835.85 9835.78;
22847.2 9871.12 9871.06;
22817.2 9906.35 9906.29;
22787 9941.54 9941.47;
22756.8 9976.68 9976.61;
22726.5 10011.8 10011.7;
22696 10046.8 10046.7;
22665.4 10081.8 10081.7;
22634.8 10116.8 10116.7;
22604 10151.7 10151.6;
22573.1 10186.5 10186.5;
22542.1 10221.3 10221.3;
22511.1 10256.1 10256;
22479.9 10290.8 10290.7;
22448.6 10325.5 10325.4;
22417.2 10360.1 10360;
22385.6 10394.7 10394.6;
22354 10429.2 10429.1;
22322.3 10463.7 10463.6;
22290.5 10498.1 10498;
22258.6 10532.5 10532.4;
22226.5 10566.8 10566.7;
22194.4 10601.1 10601;
22162.1 10635.3 10635.2;
22129.8 10669.5 10669.4;
22097.4 10703.6 10703.6;
22064.8 10737.7 10737.6;
22032.1 10771.8 10771.7;
21999.4 10805.7 10805.7;
21966.5 10839.7 10839.6;
21933.6 10873.6 10873.5;
21900.5 10907.4 10907.3;
21867.3 10941.2 10941.1;
21834.1 10974.9 10974.8;
21800.7 11008.6 11008.5;
21767.2 11042.2 11042.1;
21733.6 11075.8 11075.7;
21700 11109.3 11109.2;
21666.2 11142.8 11142.7;
21632.3 11176.2 11176.1;
21598.3 11209.6 11209.5;
21564.2 11242.9 11242.8;
21530 11276.2 11276.1;
21495.8 11309.4 11309.3;
21461.4 11342.6 11342.4;
21426.9 11375.7 11375.6;
21392.3 11408.7 11408.6;
21357.6 11441.7 11441.6;
21322.8 11474.7 11474.6;
21287.9 11507.6 11507.5;
21253 11540.4 11540.3;
21217.9 11573.2 11573.1;
21182.7 11605.9 11605.8;
21147.4 11638.6 11638.5;
21112 11671.3 11671.1;
21076.5 11703.8 11703.7;
21041 11736.4 11736.2;
21005.3 11768.8 11768.7;
20969.5 11801.2 11801.1;
20933.6 11833.6 11833.5;
20897.7 11865.9 11865.8;
20861.6 11898.2 11898;
20825.4 11930.3 11930.2;
20789.1 11962.5 11962.4;
20752.8 11994.6 11994.4;
20716.3 12026.6 12026.5;
20679.8 12058.6 12058.4;
20643.1 12090.5 12090.3;
20606.4 12122.3 12122.2;
