function p = sat1d1
p=zeros(288, 3 );
p = [ 16979.6 -20088.9 4226.2;
17575.8 -19751.5 3291.38;
18138.7 -19376.7 2350.3;
18667.1 -18965.1 1404.73;
19160 -18517.6 456.479;
19616.6 -18034.9 -492.658;
20035.9 -17518.2 -1440.88;
20417.3 -16968.3 -2386.39;
20759.9 -16386.2 -3327.4;
21063.1 -15773.1 -4262.12;
21326.4 -15130.2 -5188.79;
21549.2 -14458.7 -6105.64;
21731.2 -13759.8 -7010.95;
21872.1 -13034.9 -7902.99;
21971.4 -12285.4 -8780.08;
22029.1 -11512.6 -9640.56;
22045.1 -10718 -10482.8;
22019.3 -9903.25 -11305.2;
21951.8 -9069.75 -12106.2;
21842.7 -8219.1 -12884.3;
21692.1 -7352.93 -13638;
21500.5 -6472.87 -14365.9;
21268.2 -5580.59 -15066.6;
20995.5 -4677.78 -15738.7;
20683 -3766.13 -16381.1;
20331.3 -2847.39 -16992.4;
19941.1 -1923.29 -17571.5;
19513 -995.57 -18117.3;
19048 -65.998 -18628.8;
18546.8 863.667 -19105;
18010.4 1791.66 -19544.9;
17439.9 2716.23 -19947.7;
16836.2 3635.62 -20312.7;
16200.6 4548.07 -20639.1;
15534.2 5451.87 -20926.4;
14838.3 6345.28 -21173.8;
14114.2 7226.62 -21381.1;
13363.2 8094.2 -21547.7;
12586.9 8946.36 -21673.3;
11786.6 9781.49 -21757.7;
10963.9 10598 -21800.7;
10120.3 11394.3 -21802.1;
9257.47 12168.9 -21762.1;
8376.99 12920.3 -21680.5;
7480.56 13647 -21557.6;
6569.87 14347.7 -21393.6;
5646.66 15021.1 -21188.8;
4712.68 15665.7 -20943.5;
3769.72 16280.4 -20658.2;
2819.58 16864.1 -20333.4;
1864.06 17415.5 -19969.8;
905 17933.5 -19567.9;
-55.7735 18417.3 -19128.6;
-1016.42 18865.8 -18652.6;
-1975.1 19278.2 -18140.9;
-2929.96 19653.7 -17594.5;
-3879.19 19991.4 -17014.3;
-4820.96 20290.9 -16401.4;
-5753.44 20551.4 -15757.1;
-6674.86 20772.5 -15082.5;
-7583.44 20953.7 -14378.9;
-8477.41 21094.7 -13647.7;
-9355.06 21195.1 -12890.2;
-10214.7 21254.7 -12107.9;
-11054.7 21273.5 -11302.3;
-11873.3 21251.4 -10474.9;
-12669.1 21188.4 -9627.38;
-13440.4 21084.6 -8761.27;
-14185.8 20940.1 -7878.26;
-14903.8 20755.3 -6980.05;
-15593.1 20530.6 -6068.37;
-16252.3 20266.2 -5144.96;
-16880 19962.8 -4211.61;
-17475.2 19620.8 -3270.12;
-18036.6 19241 -2322.31;
-18563.2 18824.1 -1369.99;
-19053.9 18370.8 -415.016;
-19507.7 17882.1 540.775;
-19923.8 17358.8 1495.53;
-20301.4 16802 2447.41;
-20639.8 16212.7 3394.57;
-20938.2 15592.1 4335.19;
-21196.1 14941.4 5267.43;
-21413 14261.9 6189.49;
-21588.4 13554.7 7099.6;
-21722.2 12821.4 7995.99;
-21813.8 12063.3 8876.92;
-21863.3 11281.9 9740.7;
-21870.5 10478.7 10585.7;
-21835.4 9655.3 11410.1;
-21758 8813.21 12212.6;
-21638.5 7954.1 12991.4;
-21477.2 7079.63 13745.1;
-21274.4 6191.49 14472.3;
-21030.5 5291.4 15171.5;
-20745.8 4381.1 15841.4;
-20421.1 3462.36 16480.6;
-20057 2536.94 17088.1;
-19654 1606.64 17662.6;
-19213.2 673.25 18202.9;
-18735.2 -261.424 18708.1;
-18221.1 -1195.58 19177.3;
-17671.7 -2127.42 19609.4;
-17088.4 -3055.14 20003.8;
-16472 -3976.95 20359.5;
-15823.9 -4891.09 20676.1;
-15145.3 -5795.8 20952.8;
-14437.5 -6689.33 21189.2;
-13701.9 -7569.98 21384.8;
-12939.9 -8436.04 21539.2;
-12153.1 -9285.87 21652.2;
-11342.8 -10117.8 21723.6;
-10510.7 -10930.3 21753.3;
-9658.46 -11721.8 21741.1;
-8787.63 -12490.8 21687.2;
-7899.9 -13235.8 21591.7;
-6997.01 -13955.4 21454.8;
-6080.68 -14648.2 21276.8;
-5152.68 -15312.9 21058;
-4214.79 -15948.3 20798.8;
-3268.8 -16553.1 20499.8;
-2316.54 -17126.3 20161.6;
-1359.83 -17666.6 19784.9;
-400.491 -18173.2 19370.3;
559.634 -18645 18918.7;
1518.71 -19081.1 18430.9;
2474.92 -19480.9 17908;
3426.43 -19843.4 17350.9;
4371.43 -20168 16760.8;
5308.12 -20454.2 16138.7;
6234.72 -20701.4 15485.8;
7149.47 -20909.1 14803.4;
8050.64 -21077 14092.9;
8936.52 -21204.7 13355.5;
9805.42 -21292 12592.8;
10655.7 -21338.9 11806.1;
11485.8 -21345.1 10997;
12294 -21310.8 10167;
13079 -21235.9 9317.71;
13839.1 -21120.7 8450.73;
14573 -20965.3 7567.73;
15279.3 -20770.1 6670.38;
15956.6 -20535.5 5760.4;
16603.7 -20262 4839.51;
17219.4 -19949.9 3909.46;
17802.4 -19600 2972.02;
18351.8 -19213 2028.96;
18866.4 -18789.5 1082.08;
19345.3 -18330.3 133.173;
19787.6 -17836.5 -815.968;
20192.5 -17308.8 -1763.54;
20559.2 -16748.3 -2707.76;
20887 -16156 -3646.83;
21175.3 -15533.2 -4578.98;
21423.5 -14880.9 -5502.44;
21631.3 -14200.4 -6415.47;
21798.1 -13493 -7316.33;
21923.8 -12760 -8203.33;
22007.9 -12002.8 -9074.79;
22050.5 -11222.9 -9929.05;
22051.4 -10421.7 -10764.5;
22010.5 -9600.75 -11579.6;
21928.1 -8761.59 -12372.7;
21804.1 -7905.81 -13142.4;
21639 -7035.03 -13887.2;
21432.8 -6150.89 -14605.7;
21186.2 -5255.07 -15296.5;
20899.4 -4349.26 -15958.3;
20573 -3435.18 -16589.9;
20207.7 -2514.55 -17190;
19804.2 -1589.13 -17757.5;
19363.1 -660.663 -18291.4;
18885.3 269.089 -18790.6;
18371.7 1198.36 -19254.1;
17823.3 2125.39 -19681.1;
17241 3048.42 -20070.7;
16626 3965.68 -20422.2;
15979.5 4875.44 -20734.9;
15302.6 5775.97 -21008.2;
14596.7 6665.54 -21241.5;
13863 7542.46 -21434.5;
13102.9 8405.06 -21586.7;
12317.9 9251.68 -21697.8;
11509.4 10080.7 -21767.6;
10679.1 10890.6 -21795.9;
9828.31 11679.7 -21782.7;
8958.83 12446.5 -21727.9;
8072.26 13189.7 -21631.8;
7170.27 13907.6 -21494.3;
6254.58 14599.1 -21315.8;
5326.93 15262.6 -21096.5;
4389.09 15897 -20837;
3442.84 16501 -20537.6;
2489.98 17073.5 -20198.9;
1532.34 17613.2 -19821.5;
571.752 18119.3 -19406.2;
-389.956 18590.6 -18953.7;
-1350.94 19026.2 -18464.9;
-2309.35 19425.4 -17940.7;
-3263.35 19787.3 -17382;
-4211.11 20111.2 -16789.9;
-5150.81 20396.4 -16165.7;
-6080.63 20642.5 -15510.3;
-6998.78 20848.8 -14825.1;
-7903.5 21015 -14111.4;
-8793.03 21140.8 -13370.6;
-9665.65 21225.8 -12604;
-10519.7 21269.9 -11813.1;
-11353.4 21273 -10999.5;
-12165.4 21235 -10164.6;
-12953.8 21156.1 -9310.18;
-13717.3 21036.3 -8437.78;
-14454.4 20875.9 -7549.09;
-15163.5 20675.1 -6645.84;
-15843.4 20434.4 -5729.76;
-16492.6 20154.2 -4802.61;
-17110 19834.9 -3866.18;
-17694.4 19477.3 -2922.29;
-18244.5 19082 -1972.76;
-18759.4 18649.7 -1019.42;
-19237.9 18181.3 -64.1257;
-19679.3 17677.7 891.284;
-20082.5 17139.8 1844.95;
-20446.9 16568.7 2795.04;
-20771.7 15965.5 3739.69;
-21056.2 15331.3 4677.08;
-21300 14667.4 5605.4;
-21502.5 13975.1 6522.84;
-21663.4 13255.6 7427.62;
-21782.3 12510.4 8317.99;
-21859 11741 9192.22;
-21893.3 10948.7 10048.6;
-21885.2 10135.3 10885.5;
-21834.7 9302.16 11701.3;
-21742 8450.98 12494.4;
-21607.1 7583.41 13263.3;
-21430.3 6701.12 14006.4;
-21212 5805.84 14722.4;
-20952.7 4899.29 15409.8;
-20652.8 3983.23 16067.4;
-20312.9 3059.45 16693.9;
-19933.7 2129.72 17288;
-19515.9 1195.86 17848.6;
-19060.3 259.668 18374.7;
-18567.9 -677.039 18865.2;
-18039.6 -1612.45 19319.2;
-17476.5 -2544.76 19735.8;
-16879.5 -3472.16 20114.3;
-16250 -4392.87 20453.9;
-15589.1 -5305.1 20753.9;
-14898.1 -6207.1 21013.9;
-14178.3 -7097.14 21233.2;
-13431.2 -7973.49 21411.6;
-12658.3 -8834.48 21548.7;
-11860.9 -9678.45 21644.2;
-11040.7 -10503.8 21698;
-10199.3 -11308.9 21710;
-9338.18 -12092.3 21680.1;
-8459.16 -12852.3 21608.5;
-7563.88 -13587.7 21495.4;
-6654.08 -14297 21340.9;
-5731.51 -14978.8 21145.3;
-4797.95 -15631.9 20909.1;
-3855.2 -16255 20632.8;
-2905.07 -16846.9 20316.8;
-1949.4 -17406.5 19961.9;
-990.008 -17932.7 19568.7;
-28.7433 -18424.7 19137.9;
932.553 -18881.3 18670.5;
1892.04 -19301.8 18167.4;
2847.88 -19685.4 17629.4;
3798.25 -20031.4 17057.7;
4741.33 -20339.2 16453.4;
5675.33 -20608.1 15817.7;
6598.47 -20837.7 15151.7;
7508.98 -21027.5 14456.8;
8405.13 -21177.2 13734.2;
9285.23 -21286.6 12985.5;
10147.6 -21355.4 12212;
10990.6 -21383.6 11415.2;
11812.7 -21371.1 10596.6;
12612.2 -21318 9757.89;
13387.7 -21224.3 8900.55;
14137.7 -21090.2 8026.25;
14860.8 -20916.1 7136.68;
15555.6 -20702.3 6233.51;
16220.8 -20449.2 5318.49;
16855.2 -20157.3 4393.33];
