function p = sat1
p=zeros(1, 3 );
p = [ 24470.8 -12687.5 -2886.67];
