function p = sat1d3
p=zeros(288, 3 );
p = [ 17913.4 -19540.7 2689.34;
18454.8 -19143 1745.14;
18961.2 -18709.1 797.61;
19431.5 -18239.7 -151.453;
19865 -17735.8 -1100.25;
20260.8 -17198.3 -2046.98;
20618.2 -16628.2 -2989.85;
20936.4 -16026.7 -3927.08;
21215 -15394.8 -4856.88;
21453.3 -14733.8 -5777.5;
21650.9 -14044.9 -6687.19;
21807.5 -13329.5 -7584.24;
21922.8 -12588.9 -8466.93;
21996.6 -11824.4 -9333.61;
22028.6 -11037.7 -10182.6;
22018.9 -10230 -11012.4;
21967.5 -9403.05 -11821.3;
21874.5 -8558.31 -12607.8;
21740 -7697.41 -13370.5;
21564.3 -6821.96 -14107.9;
21347.7 -5933.63 -14818.5;
21090.7 -5034.1 -15501.1;
20793.7 -4125.07 -16154.4;
20457.3 -3208.26 -16777;
20082.2 -2285.4 -17367.9;
19668.9 -1358.25 -17925.8;
19218.3 -428.556 -18449.8;
18731.3 501.919 -18938.8;
18208.8 1431.41 -19391.9;
17651.7 2358.16 -19808.2;
17061.1 3280.4 -20186.9;
16438.1 4196.39 -20527.3;
15783.9 5104.39 -20828.7;
15099.7 6002.66 -21090.6;
14386.8 6889.51 -21312.4;
13646.6 7763.25 -21493.7;
12880.4 8622.2 -21634.1;
12089.7 9464.73 -21733.3;
11276.1 10289.2 -21791.2;
10440.9 11094.1 -21807.7;
9585.92 11877.9 -21782.5;
8712.67 12639 -21715.9;
7822.82 13376.1 -21607.9;
6918.06 14087.6 -21458.7;
6000.12 14772.2 -21268.5;
5070.74 15428.6 -21037.7;
4131.69 16055.6 -20766.7;
3184.77 16651.9 -20456.1;
2231.78 17216.3 -20106.3;
1274.54 17747.9 -19718.1;
314.881 18245.5 -19292.2;
-645.359 18708.1 -18829.3;
-1604.34 19135 -18330.3;
-2560.23 19525.2 -17796.3;
-3511.18 19878 -17228;
-4455.38 20192.6 -16626.8;
-5391.01 20468.6 -15993.6;
-6316.26 20705.2 -15329.7;
-7229.36 20902.1 -14636.4;
-8128.54 21058.9 -13914.9;
-9012.07 21175.2 -13166.6;
-9878.25 21250.8 -12393.1;
-10725.4 21285.6 -11595.6;
-11551.9 21279.4 -10775.9;
-12356.1 21232.2 -9935.37;
-13136.5 21144.2 -9075.69;
-13891.5 21015.5 -8198.52;
-14619.8 20846.2 -7305.53;
-15319.8 20636.8 -6398.43;
-15990.3 20387.6 -5478.98;
-16629.8 20099.1 -4548.95;
-17237.3 19771.9 -3610.12;
-17811.5 19406.5 -2664.31;
-18351.2 19003.6 -1713.33;
-18855.5 18564.1 -759.04;
-19323.3 18088.7 196.733;
-19753.8 17578.4 1152.14;
-20146 17034.1 2105.33;
-20499.3 16456.9 3054.47;
-20813 15848 3997.71;
-21086.4 15208.4 4933.24;
-21318.9 14539.4 5859.23;
-21510.3 13842.4 6773.91;
-21660 13118.6 7675.5;
-21767.8 12369.4 8562.25;
-21833.5 11596.4 9432.46;
-21857 10800.9 10284.4;
-21838.2 9984.61 11116.5;
-21777.1 9149 11927.1;
-21673.9 8295.71 12714.7;
-21528.8 7426.41 13477.7;
-21342.1 6542.77 14214.6;
-21114.1 5646.5 14924;
-20845.2 4739.33 15604.7;
-20536.1 3823.03 16255.1;
-20187.3 2899.35 16874.2;
-19799.5 1970.09 17460.7;
-19373.4 1037.04 18013.5;
-18910 102.002 18531.5;
-18410 -833.217 19013.8;
-17874.5 -1766.82 19459.4;
-17304.5 -2696.99 19867.4;
-16701.1 -3621.96 20237.2;
-16065.6 -4539.93 20567.9;
-15399 -5449.14 20859.1;
-14702.8 -6347.84 21110;
-13978.3 -7234.31 21320.3;
-13226.8 -8106.84 21489.6;
-12449.9 -8963.77 21617.6;
-11649 -9803.45 21704;
-10825.8 -10624.3 21748.6;
-9981.68 -11424.7 21751.5;
-9118.41 -12203.1 21712.7;
-8237.61 -12958.1 21632.1;
-7341 -13688.3 21510.1;
-6430.28 -14392.1 21346.8;
-5507.23 -15068.4 21142.6;
-4573.6 -15715.8 20897.8;
-3631.19 -16333.1 20613.1;
-2681.81 -16919 20288.9;
-1727.28 -17472.7 19925.9;
-769.417 -17992.8 19524.8;
189.936 -18478.6 19086.4;
1148.95 -18929 18611.6;
2105.79 -19343.3 18101.2;
3058.64 -19720.6 17556.2;
4005.69 -20060.3 16977.8;
4945.11 -20361.8 16367;
5875.15 -20624.3 15725;
6794.01 -20847.6 15053.1;
7699.97 -21031.1 14352.5;
8591.3 -21174.6 13624.6;
9466.31 -21277.8 12870.8;
10323.3 -21340.4 12092.5;
11160.8 -21362.5 11291.3;
11977 -21343.9 10468.6;
12770.6 -21284.8 9626;
13539.9 -21185.2 8765.16;
14283.5 -21045.3 7887.69;
15000.1 -20865.5 6995.26;
15688.3 -20646 6089.59;
16346.7 -20387.4 5172.38;
16974.1 -20090.1 4245.37;
17569.5 -19754.6 3310.34;
18131.5 -19381.7 2369.06;
18659.3 -18972 1423.3;
19151.7 -18526.4 474.872;
19607.9 -18045.6 -474.439;
20027 -17530.6 -1422.83;
20408.2 -16982.4 -2368.51;
20750.8 -16402 -3309.69;
21054.2 -15790.5 -4244.57;
21317.8 -15149.1 -5171.41;
21541 -14479 -6088.44;
21723.6 -13781.4 -6993.92;
21865 -13057.7 -7886.15;
21965.1 -12309.3 -8763.44;
22023.7 -11537.6 -9624.13;
22040.7 -10744 -10466.6;
22015.9 -9929.97 -11289.2;
21949.6 -9097.16 -12090.5;
21841.7 -8247.09 -12868.8;
21692.5 -7381.37 -13622.8;
21502.3 -6501.65 -14350.9;
21271.3 -5609.58 -15051.9;
21000.2 -4706.85 -15724.3;
20689.2 -3795.17 -16367;
20339.1 -2876.27 -16978.6;
19950.5 -1951.88 -17558;
19524.1 -1023.76 -18104.2;
19060.7 -93.6731 -18616;
18561.2 836.626 -19092.5;
18026.5 1765.37 -19532.8;
17457.5 2690.79 -19936;
16855.5 3611.13 -20301.3;
16221.5 4524.64 -20628.1;
15556.6 5429.59 -20915.6;
14862.2 6324.24 -21163.5;
14139.6 7206.89 -21371.1;
13390 8075.86 -21538;
12615 8929.49 -21664;
11816 9766.14 -21748.7;
10994.5 10584.2 -21792;
10152 11382.1 -21793.7;
9290.18 12158.4 -21753.9;
8410.63 12911.4 -21672.7;
7515.02 13639.9 -21550.1;
6605.06 14342.3 -21386.3;
5682.47 15017.4 -21181.7;
4749 15663.7 -20936.6;
3806.45 16280.1 -20651.5;
2856.6 16865.4 -20326.9;
1901.26 17418.4 -19963.4;
942.262 17938.1 -19561.7;
-18.5598 18423.4 -19122.5;
-979.367 18873.4 -18646.6;
-1938.32 19287.2 -18135;
-2893.57 19663.9 -17588.6;
-3843.29 20002.9 -17008.4;
-4785.66 20303.5 -16395.6;
-5718.85 20565.1 -15751.2;
-6641.08 20787.1 -15076.6;
-7550.55 20969.1 -14373;
-8445.52 21110.8 -13641.7;
-9324.26 21211.8 -12884.2;
-10185.1 21271.9 -12101.9;
-11026.3 21291 -11296.2;
-11846.2 21269 -10468.8;
-12643.4 21206 -9621.15;
-13416.1 21102.1 -8754.97;
-14163 20957.3 -7871.9;
-14882.6 20772.1 -6973.64;
-15573.4 20546.8 -6061.92;
-16234.2 20281.7 -5138.49;
-16863.6 19977.4 -4205.13;
-17460.4 19634.4 -3263.66;
-18023.5 19253.4 -2315.88;
-18551.7 18835.2 -1363.63;
-19044.1 18380.4 -408.756;
-19499.6 17890.1 546.897;
-19917.3 17365.1 1501.48;
-20296.5 16806.4 2453.14;
-20636.4 16215.2 3400.03;
-20936.3 15592.5 4340.32;
-21195.7 14939.5 5272.19;
-21414 14257.6 6193.82;
-21590.9 13548.1 7103.44;
-21725.9 12812.3 7999.27;
-21818.8 12051.6 8879.58;
-21869.5 11267.5 9742.66;
-21877.7 10461.6 10586.8;
-21843.6 9635.34 11410.5;
-21767.2 8790.42 12212;
-21648.6 7928.44 12989.8;
-21488 7051.08 13742.5;
-21285.8 6160.04 14468.5;
-21042.5 5257.05 15166.4;
-20758.3 4343.86 15834.9;
-20434 3422.24 16472.8;
-20070.1 2493.98 17078.8;
-19667.4 1560.88 17651.6;
-19226.6 624.74 18190.3;
-18748.6 -312.623 18693.8;
-18234.4 -1249.39 19161.1;
-17684.9 -2183.76 19591.3;
-17101.3 -3113.92 19983.6;
-16484.6 -4038.08 20337.3;
-15836.1 -4954.45 20651.7;
-15157 -5861.26 20926.2;
-14448.7 -6756.77 21160.2;
-13712.5 -7639.25 21353.4;
-12949.9 -8507.01 21505.4;
-12162.3 -9358.38 21616;
-11351.3 -10191.7 21684.8;
-10518.4 -11005.5 21711.9;
-9665.3 -11798 21697.1;
-8793.62 -12567.9 21640.5;
-7905.03 -13313.5 21542.3;
-7001.26 -14033.6 21402.6;
-6084.06 -14726.8 21221.8;
-5155.18 -15391.6 21000.2;
-4216.43 -16027 20738.3;
-3269.61 -16631.6 20436.5;
-2316.53 -17204.3 20095.5;
-1359.03 -17744 19716;
-398.957 -18249.7 19298.7;
561.861 -18720.5 18844.3;
1521.58 -19155.5 18353.9;
2478.36 -19553.9 17828.3;
3430.38 -19914.9 17268.7;
4375.81 -20237.8 16675.9;
5312.85 -20522.1 16051.3;
6239.72 -20767.2 15396.1;
7154.65 -20972.7 14711.4;
8055.91 -21138.2 13998.6;
8941.76 -21263.4 13259.1;
9810.55 -21348.2 12494.3;
10660.6 -21392.2 11705.7;
11490.3 -21395.6 10894.8;
12298.1 -21358.2 10063;
13082.5 -21280.3 9212.17;
13842 -21161.9 8343.75;
14575.1 -21003.2 7459.44;
15280.5 -20804.7 6560.92;
15956.7 -20566.7 5649.92;
16602.7 -20289.7 4728.16;
17217.1 -19974.1 3797.41;
17798.8 -19620.7 2859.42];
