function p = vs
p=zeros(742, 3 );
p = [ 0.134093 2.74078 2.74078;
0.100579 2.74151 2.74151;
0.067057 2.74202 2.74202;
0.0335298 2.74233 2.74233;
0 2.74244 2.74244;
-0.0335298 2.74233 2.74233;
-0.067057 2.74202 2.74202;
-0.100579 2.74151 2.74151;
-0.112338 2.74065 2.74065;
-0.179385 2.73892 2.73892;
-0.246412 2.73665 2.73665;
-0.313423 2.73396 2.73396;
-0.380423 2.73086 2.73086;
-0.447417 2.72735 2.72734;
-0.51441 2.72341 2.72341;
-0.581406 2.71906 2.71906;
-0.648411 2.7143 2.71429;
-0.71543 2.70911 2.7091;
-0.782466 2.7035 2.70349;
-0.849526 2.69746 2.69745;
-0.916613 2.691 2.69099;
-0.983733 2.68411 2.6841;
-1.05089 2.67678 2.67677;
-1.11809 2.66902 2.66901;
-1.18534 2.66082 2.66081;
-1.25263 2.65218 2.65217;
-1.31999 2.6431 2.64309;
-1.3874 2.63356 2.63355;
-1.45489 2.62357 2.62356;
-1.52244 2.61313 2.61311;
-1.59006 2.60221 2.60219;
-1.65777 2.59083 2.59081;
-1.72556 2.57898 2.57895;
-1.79344 2.56664 2.56662;
-1.86141 2.55382 2.55379;
-1.92948 2.54051 2.54048;
-1.99766 2.5267 2.52667;
-2.06594 2.51238 2.51235;
-2.13433 2.49755 2.49751;
-2.20283 2.4822 2.48216;
-2.27146 2.46632 2.46628;
-2.34021 2.4499 2.44986;
-2.40909 2.43294 2.43289;
-2.4781 2.41542 2.41537;
-2.54725 2.39734 2.39729;
-2.61654 2.37868 2.37863;
-2.68597 2.35944 2.35939;
-2.75555 2.33961 2.33955;
-2.82529 2.31916 2.3191;
-2.89517 2.2981 2.29804;
-2.96522 2.27641 2.27634;
-3.03543 2.25407 2.254;
-3.10581 2.23108 2.23101;
-3.17636 2.20742 2.20734;
-3.24708 2.18307 2.18298;
-3.31797 2.15802 2.15793;
-3.38904 2.13225 2.13216;
-3.46029 2.10575 2.10566;
-3.53172 2.0785 2.0784;
-3.60334 2.05048 2.05038;
-3.67514 2.02168 2.02157;
-3.74712 1.99207 1.99196;
-3.8193 1.96163 1.96152;
-3.89166 1.93035 1.93023;
-3.96421 1.8982 1.89808;
-4.03695 1.86516 1.86503;
-4.10988 1.8312 1.83107;
-4.18299 1.7963 1.79616;
-4.25629 1.76044 1.76029;
-4.32977 1.72358 1.72343;
-4.40343 1.6857 1.68554;
-4.47727 1.64677 1.6466;
-4.55128 1.60676 1.60659;
-4.62545 1.56563 1.56545;
-4.69978 1.52336 1.52317;
-4.77427 1.4799 1.47971;
-4.84889 1.43523 1.43503;
-4.92366 1.3893 1.38909;
-4.99854 1.34207 1.34185;
-5.07354 1.2935 1.29327;
-5.14864 1.24355 1.24331;
-5.22381 1.19217 1.19192;
-5.29906 1.13932 1.13906;
-5.37434 1.08494 1.08467;
-5.44965 1.02899 1.02871;
-5.52496 0.971397 0.971107;
-5.60024 0.91212 0.911818;
-5.67546 0.851094 0.85078;
-5.75059 0.788257 0.78793;
-5.82559 0.723544 0.723204;
-5.90042 0.656885 0.656532;
-5.97504 0.588211 0.587843;
-6.0494 0.517444 0.517062;
-6.12344 0.444509 0.44411;
-6.1971 0.369321 0.368906;
-6.27032 0.291795 0.291364;
-6.34302 0.211843 0.211394;
-6.41513 0.129369 0.128901;
-6.48655 0.0442757 0.0437886;
-6.55719 -0.0435391 -0.0440467;
-6.62693 -0.134183 -0.134712;
-6.69567 -0.227766 -0.228318;
-6.76327 -0.324407 -0.324982;
-6.82959 -0.424224 -0.424824;
-6.89446 -0.527346 -0.527971;
-6.95772 -0.633901 -0.634554;
-7.01917 -0.744026 -0.744708;
-7.07861 -0.857861 -0.858573;
-7.1358 -0.975551 -0.976294;
-7.19048 -1.09724 -1.09802;
-7.24237 -1.22309 -1.2239;
-7.29116 -1.35325 -1.3541;
-7.33652 -1.48788 -1.48876;
-7.37806 -1.62713 -1.62806;
-7.41537 -1.77117 -1.77214;
-7.448 -1.92016 -1.92118;
-7.47545 -2.07424 -2.07531;
-7.49717 -2.23357 -2.23469;
-7.51256 -2.39829 -2.39946;
-7.52097 -2.56852 -2.56975;
-7.52167 -2.74437 -2.74566;
-7.51388 -2.92594 -2.92729;
-7.49674 -3.11329 -3.1147;
-7.46933 -3.30643 -3.30792;
-7.43065 -3.50536 -3.50692;
-7.3796 -3.71 -3.71163;
-7.31504 -3.92022 -3.92193;
-7.23572 -4.13582 -4.13761;
-7.14032 -4.35649 -4.35836;
-7.02748 -4.58182 -4.58377;
-6.89576 -4.81128 -4.81332;
-6.7437 -5.04421 -5.04634;
-6.5698 -5.27978 -5.28199;
-6.37261 -5.51697 -5.51927;
-6.1507 -5.7546 -5.75698;
-5.90277 -5.99127 -5.99372;
-5.62765 -6.22534 -6.22785;
-5.32442 -6.45499 -6.45756;
-4.99243 -6.67817 -6.68078;
-4.63139 -6.89265 -6.89529;
-4.24148 -7.09604 -7.09868;
-3.82337 -7.28584 -7.28846;
-3.37833 -7.45948 -7.46205;
-2.90824 -7.61444 -7.61693;
-2.41561 -7.7483 -7.75068;
-1.90358 -7.85888 -7.8611;
-1.3759 -7.94427 -7.9463;
-0.836762 -8.00298 -8.00478;
-0.290773 -8.03399 -8.03551;
0.257246 -8.03679 -8.03801;
0.802408 -8.01144 -8.01232;
1.33993 -7.95856 -7.95906;
1.86529 -7.87927 -7.87937;
2.37437 -7.77514 -7.77482;
2.86358 -7.64813 -7.64738;
3.32991 -7.5005 -7.49931;
3.77099 -7.33469 -7.33305;
4.18509 -7.15322 -7.15113;
4.5711 -6.95863 -6.95611;
4.92845 -6.75341 -6.75047;
5.2571 -6.5399 -6.53656;
5.55742 -6.3203 -6.31657;
5.83013 -6.09659 -6.09249;
6.07623 -5.87055 -5.86611;
6.29691 -5.64374 -5.63898;
6.49352 -5.41751 -5.41245;
6.66749 -5.19301 -5.18768;
6.82028 -4.97119 -4.96561;
6.95338 -4.75283 -4.74703;
7.06823 -4.53858 -4.53257;
7.16626 -4.32892 -4.32272;
7.24882 -4.12422 -4.11786;
7.3172 -3.92477 -3.91826;
7.3726 -3.73075 -3.72411;
7.41617 -3.54228 -3.53552;
7.44894 -3.35941 -3.35255;
7.47191 -3.18215 -3.1752;
7.48598 -3.01045 -3.00344;
7.49196 -2.84426 -2.83718;
7.49062 -2.68347 -2.67635;
7.48265 -2.52798 -2.52082;
7.46869 -2.37766 -2.37046;
7.44932 -2.23235 -2.22513;
7.42505 -2.09193 -2.08469;
7.39638 -1.95622 -1.94898;
7.36374 -1.82508 -1.81784;
7.32753 -1.69836 -1.69112;
7.2881 -1.57588 -1.56865;
7.24578 -1.45751 -1.45029;
7.20087 -1.34308 -1.33588;
7.15363 -1.23245 -1.22528;
7.10432 -1.12547 -1.11833;
7.05316 -1.02201 -1.01489;
7.00033 -0.921916 -0.914837;
6.94604 -0.825072 -0.81803;
6.89044 -0.731346 -0.724343;
6.83368 -0.640617 -0.633654;
6.7759 -0.552765 -0.545847;
6.71723 -0.467681 -0.460808;
6.65777 -0.385254 -0.378429;
6.59764 -0.305383 -0.298607;
6.53691 -0.227969 -0.221243;
6.47568 -0.152916 -0.146242;
6.41402 -0.0801347 -0.073513;
6.352 -0.0095381 -0.00297034;
6.28969 0.0589563 0.0654692;
6.22713 0.125427 0.131885;
6.16439 0.189951 0.196352;
6.10151 0.252598 0.258942;
6.03852 0.313439 0.319725;
5.97548 0.372539 0.378767;
5.91241 0.42996 0.436129;
5.84935 0.485764 0.491873;
5.78632 0.540006 0.546056;
5.72335 0.592743 0.598733;
5.66046 0.644026 0.649956;
5.59768 0.693905 0.699775;
5.53502 0.74243 0.748239;
5.47249 0.789644 0.795393;
5.41012 0.835592 0.84128;
5.34792 0.880317 0.885944;
5.28589 0.923858 0.929424;
5.22406 0.966253 0.971758;
5.16242 1.00754 1.01298;
5.10099 1.04775 1.05314;
5.03978 1.08693 1.09225;
4.97878 1.12509 1.13035;
4.91801 1.16228 1.16748;
4.85747 1.19853 1.20367;
4.79716 1.23385 1.23893;
4.73709 1.26829 1.27331;
4.67727 1.30186 1.30682;
4.61768 1.33459 1.33949;
4.55833 1.36651 1.37135;
4.49923 1.39763 1.40241;
4.44038 1.42799 1.43271;
4.38177 1.4576 1.46225;
4.32341 1.48648 1.49107;
4.26529 1.51465 1.51919;
4.20742 1.54213 1.54661;
4.14979 1.56895 1.57336;
4.0924 1.59511 1.59947;
4.03525 1.62063 1.62493;
3.97834 1.64554 1.64978;
3.92168 1.66984 1.67402;
3.86524 1.69355 1.69768;
3.80904 1.71669 1.72076;
3.75307 1.73927 1.74328;
3.69734 1.7613 1.76525;
3.64182 1.7828 1.78669;
3.58654 1.80378 1.80761;
3.53147 1.82425 1.82802;
3.47663 1.84422 1.84794;
3.422 1.86371 1.86737;
3.36758 1.88272 1.88632;
3.31338 1.90127 1.90481;
3.25938 1.91936 1.92284;
3.20559 1.937 1.94043;
3.15199 1.95421 1.95759;
3.0986 1.971 1.97432;
3.04541 1.98737 1.99063;
2.9924 2.00333 2.00653;
2.93959 2.01888 2.02203;
2.88696 2.03405 2.03714;
2.83452 2.04882 2.05186;
2.78226 2.06322 2.06621;
2.73017 2.07725 2.08018;
2.67826 2.09092 2.09379;
2.62652 2.10423 2.10704;
2.57495 2.11718 2.11994;
2.52354 2.12979 2.1325;
2.47229 2.14206 2.14472;
2.4212 2.154 2.1566;
2.37027 2.16561 2.16816;
2.31949 2.1769 2.17939;
2.26886 2.18787 2.19031;
2.21838 2.19853 2.20091;
2.16804 2.20888 2.21121;
2.11783 2.21893 2.22121;
2.06777 2.22868 2.2309;
2.01784 2.23814 2.24031;
1.96804 2.24731 2.24942;
1.91837 2.25619 2.25825;
1.86882 2.26479 2.26679;
1.8194 2.27311 2.27506;
1.77009 2.28116 2.28306;
1.7209 2.28893 2.29078;
1.67183 2.29644 2.29824;
1.62286 2.30369 2.30543;
1.574 2.31067 2.31236;
1.52525 2.3174 2.31903;
1.4766 2.32387 2.32545;
1.42805 2.33008 2.33161;
1.37959 2.33605 2.33753;
1.33123 2.34177 2.3432;
1.28295 2.34725 2.34862;
1.23477 2.35248 2.3538;
1.18667 2.35747 2.35874;
1.13865 2.36223 2.36345;
1.09071 2.36675 2.36791;
1.04285 2.37103 2.37215;
0.995062 2.37509 2.37615;
