function p = acc
p=zeros(1, 59, 3 );
p(1,:,:) = [ 0.198669 -0 -0;
0.149438 -0 -0;
0.0998334 -0 -0;
0.0499792 -0 -0;
-0 -0 -0;
-0.0498542 -0 -0;
-0.0994589 -0 -0;
-0.14869 -0 -0;
-0.197425 -0 -0;
-0.246161 -0 -0;
-0.292619 -0 -0;
-0.336325 -0 -0;
-0.376833 -0 -0;
-0.413725 -0 -0;
-0.446619 -0 -0;
-0.475171 -0 -0;
-0.499079 -0 -0;
-0.518088 -0 -0;
-0.531987 -0 -0;
-0.54062 -0 -0;
-0.543881 -0 -0;
-0.541716 -0 -0;
-0.534126 -0 -0;
-0.521169 -0 -0;
-0.502952 -0 -0;
-0.479638 -0 -0;
-0.451441 -0 -0;
-0.418626 -0 -0;
-0.381501 -0 -0;
-0.340424 -0 -0;
-0.295789 -0 -0;
-0.248029 -0 -0;
-0.19761 -0 -0;
-0.145027 -0 -0;
-0.0907967 -0 -0;
-0.0354552 -0 -0;
0.0204483 -0 -0;
0.0763569 -0 -0;
0.131712 -0 -0;
0.185957 -0 -0;
0.238547 -0 -0;
0.288949 -0 -0;
0.336651 -0 -0;
0.381166 -0 -0;
0.422037 -0 -0;
0.458842 -0 -0;
0.491197 -0 -0;
0.518763 -0 -0;
0.541245 -0 -0;
0.558401 -0 -0;
0.570038 -0 -0;
0.576019 -0 -0;
0.576264 -0 -0;
0.570748 -0 -0;
0.559506 -0 -0;
0.542627 -0 -0;
0.52026 -0 -0;
0.492607 -0 -0;
0.459926 -0 -0];
