function p = as
p=zeros(59, 3 );
p = [ 0.198669 -0 -0;
0.149438 -0 -0;
0.0998334 -0 -0;
0.0499792 -0 -0;
-0 -0 -0;
-0.0498542 -0 -0;
-0.0994589 -0 -0;
-0.14869 -0 -0;
-0.197425 -0 -0;
-0.246161 -0 -0;
-0.294281 -0 -0;
-0.341669 -0 -0;
-0.388195 -0 -0;
-0.433763 -0 -0;
-0.478235 -0 -0;
-0.521519 -0 -0;
-0.563496 -0 -0;
-0.604066 -0 -0;
-0.643125 -0 -0;
-0.680578 -0 -0;
-0.716329 -0 -0;
-0.75029 -0 -0;
-0.782375 -0 -0;
-0.812505 -0 -0;
-0.840604 -0 -0;
-0.866602 -0 -0;
-0.890434 -0 -0;
-0.91204 -0 -0;
-0.931367 -0 -0;
-0.948365 -0 -0;
-0.962994 -0 -0;
-0.975215 -0 -0;
-0.984999 -0 -0;
-0.992321 -0 -0;
-0.997162 -0 -0;
-0.999511 -0 -0;
-0.999362 -0 -0;
-0.996715 -0 -0;
-0.991577 -0 -0;
-0.98396 -0 -0;
-0.973884 -0 -0;
-0.961374 -0 -0;
-0.94646 -0 -0;
-0.929182 -0 -0;
-0.90958 -0 -0;
-0.887705 -0 -0;
-0.863612 -0 -0;
-0.83736 -0 -0;
-0.809014 -0 -0;
-0.778647 -0 -0;
-0.746334 -0 -0;
-0.712155 -0 -0;
-0.676196 -0 -0;
-0.638547 -0 -0;
-0.599301 -0 -0;
-0.558558 -0 -0;
-0.516419 -0 -0;
-0.472989 -0 -0;
-0.428377 -0 -0];
