function p = pos
p=zeros(1009, 4 );
p = [ -40 26707.6 -109.697 -109.697;
-30 26707.7 -82.2728 -82.2728;
-20 26707.9 -54.8487 -54.8487;
-10 26708 -27.4244 -27.4244;
0 26708 0 0;
10 26707.9 27.4243 27.4243;
20 26707.8 54.8485 54.8485;
30 26707.6 82.2725 82.2725;
40 26707.3 109.696 109.696;
50 26707.1 137.12 137.12;
60 26706.6 164.543 164.543;
70 26705.9 191.964 191.964;
80 26705 219.384 219.384;
90 26703.8 246.802 246.802;
100 26702.5 274.218 274.218;
110 26700.9 301.632 301.632;
120 26699.1 329.044 329.044;
130 26697 356.453 356.453;
140 26694.8 383.859 383.859;
150 26692.3 411.262 411.262;
160 26689.6 438.661 438.661;
170 26686.6 466.057 466.057;
180 26683.5 493.449 493.449;
190 26680.1 520.837 520.837;
200 26676.5 548.221 548.221;
210 26672.6 575.6 575.6;
220 26668.6 602.974 602.974;
230 26664.3 630.344 630.344;
240 26659.8 657.708 657.708;
250 26655.1 685.067 685.067;
260 26650.1 712.42 712.42;
270 26645 739.768 739.767;
280 26639.6 767.109 767.109;
290 26634 794.444 794.443;
300 26628.1 821.772 821.772;
310 26622 849.093 849.093;
320 26615.7 876.407 876.407;
330 26609.2 903.714 903.714;
340 26602.5 931.014 931.014;
350 26595.5 958.305 958.305;
360 26588.3 985.589 985.589;
370 26580.9 1012.86 1012.86;
380 26573.3 1040.13 1040.13;
390 26565.4 1067.39 1067.39;
400 26557.3 1094.64 1094.64;
410 26549 1121.88 1121.88;
420 26540.5 1149.11 1149.11;
430 26531.7 1176.33 1176.33;
440 26522.7 1203.54 1203.54;
450 26513.5 1230.74 1230.74;
460 26504.1 1257.93 1257.93;
470 26494.4 1285.11 1285.11;
480 26484.5 1312.28 1312.28;
490 26474.4 1339.44 1339.44;
500 26464 1366.59 1366.59;
510 26453.5 1393.72 1393.72;
520 26442.7 1420.85 1420.85;
530 26431.6 1447.96 1447.96;
540 26420.4 1475.06 1475.06;
550 26408.9 1502.14 1502.14;
560 26397.2 1529.22 1529.22;
570 26385.3 1556.28 1556.28;
580 26373.2 1583.33 1583.32;
590 26360.8 1610.36 1610.36;
600 26348.2 1637.38 1637.38;
610 26335.3 1664.39 1664.38;
620 26322.3 1691.38 1691.38;
630 26309 1718.35 1718.35;
640 26295.5 1745.32 1745.32;
650 26281.7 1772.26 1772.26;
660 26267.8 1799.2 1799.2;
670 26253.6 1826.11 1826.11;
680 26239.1 1853.01 1853.01;
690 26224.5 1879.9 1879.9;
700 26209.6 1906.77 1906.77;
710 26194.5 1933.62 1933.62;
720 26179.1 1960.46 1960.45;
730 26163.6 1987.27 1987.27;
740 26147.8 2014.07 2014.07;
750 26131.8 2040.86 2040.86;
760 26115.5 2067.62 2067.62;
770 26099 2094.37 2094.37;
780 26082.3 2121.1 2121.1;
790 26065.4 2147.81 2147.81;
800 26048.2 2174.5 2174.5;
810 26030.8 2201.18 2201.17;
820 26013.1 2227.83 2227.83;
830 25995.3 2254.46 2254.46;
840 25977.2 2281.08 2281.07;
850 25958.9 2307.67 2307.67;
860 25940.3 2334.24 2334.24;
870 25921.5 2360.8 2360.79;
880 25902.5 2387.33 2387.32;
890 25883.2 2413.84 2413.83;
900 25863.8 2440.33 2440.32;
910 25844 2466.79 2466.79;
920 25824.1 2493.24 2493.23;
930 25803.9 2519.66 2519.66;
940 25783.5 2546.06 2546.06;
950 25762.8 2572.44 2572.43;
960 25742 2598.79 2598.79;
970 25720.9 2625.12 2625.12;
980 25699.5 2651.43 2651.42;
990 25677.9 2677.71 2677.71;
1000 25656.1 2703.97 2703.96;
1010 25634.1 2730.2 2730.2;
1020 25611.8 2756.41 2756.41;
1030 25589.3 2782.59 2782.59;
1040 25566.5 2808.75 2808.75;
1050 25543.5 2834.89 2834.88;
1060 25520.3 2860.99 2860.99;
1070 25496.8 2887.07 2887.06;
1080 25473.1 2913.12 2913.12;
1090 25449.2 2939.15 2939.14;
1100 25425 2965.15 2965.14;
1110 25400.6 2991.12 2991.11;
1120 25376 3017.07 3017.06;
1130 25351.1 3042.98 3042.97;
1140 25326 3068.87 3068.86;
1150 25300.6 3094.73 3094.72;
1160 25275.1 3120.56 3120.55;
1170 25249.2 3146.36 3146.35;
1180 25223.2 3172.13 3172.12;
1190 25196.8 3197.87 3197.86;
1200 25170.3 3223.58 3223.57;
1210 25143.5 3249.26 3249.25;
1220 25116.5 3274.91 3274.9;
1230 25089.2 3300.52 3300.51;
1240 25061.7 3326.11 3326.1;
1250 25033.9 3351.67 3351.65;
1260 25006 3377.19 3377.18;
1270 24977.7 3402.68 3402.67;
1280 24949.2 3428.13 3428.12;
1290 24920.5 3453.56 3453.54;
1300 24891.6 3478.95 3478.93;
1310 24862.4 3504.3 3504.29;
1320 24832.9 3529.62 3529.61;
1330 24803.2 3554.91 3554.9;
1340 24773.3 3580.16 3580.15;
1350 24743.1 3605.38 3605.37;
1360 24712.7 3630.56 3630.55;
1370 24682 3655.71 3655.7;
1380 24651.1 3680.82 3680.81;
1390 24620 3705.89 3705.88;
1400 24588.6 3730.93 3730.91;
1410 24556.9 3755.93 3755.91;
1420 24525 3780.89 3780.87;
1430 24492.9 3805.81 3805.8;
1440 24460.5 3830.7 3830.68;
1450 24427.8 3855.54 3855.53;
1460 24394.9 3880.35 3880.33;
1470 24361.8 3905.12 3905.1;
1480 24328.4 3929.85 3929.83;
1490 24294.8 3954.54 3954.52;
1500 24260.9 3979.18 3979.16;
1510 24226.8 4003.79 4003.77;
1520 24192.4 4028.35 4028.33;
1530 24157.8 4052.88 4052.86;
1540 24122.9 4077.36 4077.34;
1550 24087.7 4101.8 4101.78;
1560 24052.3 4126.19 4126.17;
1570 24016.7 4150.55 4150.53;
1580 23980.8 4174.86 4174.83;
1590 23944.6 4199.12 4199.1;
1600 23908.2 4223.34 4223.32;
1610 23871.6 4247.52 4247.49;
1620 23834.6 4271.65 4271.62;
1630 23797.5 4295.73 4295.71;
1640 23760 4319.77 4319.75;
1650 23722.4 4343.76 4343.74;
1660 23684.4 4367.71 4367.68;
1670 23646.2 4391.61 4391.58;
1680 23607.8 4415.46 4415.43;
1690 23569.1 4439.26 4439.23;
1700 23530.1 4463.01 4462.98;
1710 23490.9 4486.72 4486.69;
1720 23451.4 4510.37 4510.34;
1730 23411.6 4533.98 4533.95;
1740 23371.6 4557.53 4557.5;
1750 23331.3 4581.04 4581;
1760 23290.8 4604.49 4604.46;
1770 23250 4627.89 4627.86;
1780 23208.9 4651.24 4651.2;
1790 23167.6 4674.53 4674.5;
1800 23126 4697.78 4697.74;
1810 23084.2 4720.97 4720.93;
1820 23042 4744.1 4744.07;
1830 22999.6 4767.18 4767.15;
1840 22957 4790.21 4790.17;
1850 22914.1 4813.18 4813.14;
1860 22870.9 4836.09 4836.05;
1870 22827.4 4858.95 4858.91;
1880 22783.7 4881.75 4881.71;
1890 22739.7 4904.49 4904.45;
1900 22695.5 4927.18 4927.14;
1910 22650.9 4949.8 4949.76;
1920 22606.1 4972.37 4972.33;
1930 22561.1 4994.88 4994.84;
1940 22515.7 5017.33 5017.28;
1950 22470.1 5039.71 5039.67;
1960 22424.2 5062.04 5061.99;
1970 22378.1 5084.3 5084.26;
1980 22331.6 5106.51 5106.46;
1990 22284.9 5128.65 5128.6;
2000 22237.9 5150.72 5150.67;
2010 22190.7 5172.73 5172.68;
2020 22143.1 5194.68 5194.63;
2030 22095.3 5216.57 5216.51;
2040 22047.2 5238.38 5238.33;
2050 21998.8 5260.13 5260.08;
2060 21950.2 5281.82 5281.76;
2070 21901.2 5303.43 5303.38;
2080 21852 5324.98 5324.93;
2090 21802.5 5346.46 5346.41;
2100 21752.7 5367.87 5367.82;
2110 21702.6 5389.22 5389.16;
2120 21652.3 5410.49 5410.43;
2130 21601.7 5431.69 5431.63;
2140 21550.7 5452.82 5452.75;
2150 21499.5 5473.87 5473.81;
2160 21448 5494.86 5494.79;
2170 21396.2 5515.77 5515.7;
2180 21344.2 5536.6 5536.54;
2190 21291.8 5557.36 5557.29;
2200 21239.2 5578.05 5577.98;
2210 21186.2 5598.66 5598.59;
2220 21133 5619.19 5619.12;
2230 21079.5 5639.64 5639.57;
2240 21025.6 5660.02 5659.95;
2250 20971.5 5680.32 5680.24;
2260 20917.1 5700.53 5700.46;
2270 20862.4 5720.67 5720.59;
2280 20807.4 5740.73 5740.65;
2290 20752.1 5760.7 5760.62;
2300 20696.5 5780.59 5780.51;
2310 20640.6 5800.4 5800.32;
2320 20584.4 5820.12 5820.04;
2330 20527.9 5839.76 5839.68;
2340 20471.1 5859.31 5859.23;
2350 20414 5878.78 5878.7;
2360 20356.6 5898.16 5898.07;
2370 20298.9 5917.45 5917.36;
2380 20240.9 5936.66 5936.57;
2390 20182.6 5955.77 5955.68;
2400 20123.9 5974.79 5974.7;
2410 20065 5993.72 5993.63;
2420 20005.8 6012.56 6012.47;
2430 19946.2 6031.31 6031.21;
2440 19886.3 6049.96 6049.86;
2450 19826.2 6068.52 6068.42;
2460 19765.7 6086.98 6086.88;
2470 19704.9 6105.35 6105.24;
2480 19643.7 6123.61 6123.51;
2490 19582.3 6141.78 6141.68;
2500 19520.5 6159.85 6159.75;
2510 19458.5 6177.82 6177.71;
2520 19396.1 6195.69 6195.58;
2530 19333.4 6213.46 6213.35;
2540 19270.3 6231.12 6231.01;
2550 19207 6248.68 6248.57;
2560 19143.3 6266.14 6266.02;
2570 19079.3 6283.49 6283.37;
2580 19014.9 6300.73 6300.61;
2590 18950.3 6317.86 6317.74;
2600 18885.3 6334.89 6334.76;
2610 18820 6351.8 6351.67;
2620 18754.3 6368.6 6368.47;
2630 18688.4 6385.29 6385.16;
2640 18622.1 6401.87 6401.74;
2650 18555.4 6418.33 6418.2;
2660 18488.4 6434.68 6434.54;
2670 18421.1 6450.91 6450.77;
