function p = positionsVector2;
p=zeros(1, 109, 3 );
p(1,:,:) = [ -0.182155 0 0;
-0.137016 0 0;
-0.0915348 0 0;
-0.0458247 0 0;
-4.02341e-23 0 0;
0.0457101 0 0;
0.0911914 0 0;
0.13633 0 0;
0.181014 0 0;
0.246183 0 0;
0.292717 0 0;
0.336516 0 0;
0.377088 0 0;
0.414071 0 0;
0.447031 0 0;
0.475657 0 0;
0.49963 0 0;
0.518699 0 0;
0.532653 0 0;
0.541335 0 0;
0.544636 0 0;
0.542505 0 0;
0.534942 0 0;
0.522002 0 0;
0.503795 0 0;
0.480482 0 0;
0.452278 0 0;
0.419447 0 0;
0.382299 0 0;
0.34119 0 0;
0.296515 0 0;
0.248708 0 0;
0.198236 0 0;
0.145592 0 0;
0.0912952 0 0;
0.0358822 0 0;
-0.0200974 0 0;
-0.0760859 0 0;
-0.131524 0 0;
-0.185854 0 0;
-0.23853 0 0;
-0.289019 0 0;
-0.336808 0 0;
-0.381408 0 0;
-0.422362 0 0;
-0.459247 0 0;
-0.491679 0 0;
-0.519317 0 0;
-0.541866 0 0;
-0.559082 0 0;
-0.570773 0 0;
-0.576802 0 0;
-0.577086 0 0;
-0.571602 0 0;
-0.560382 0 0;
-0.543517 0 0;
-0.521156 0 0;
-0.493499 0 0;
-0.460806 0 0;
-0.423382 0 0;
-0.381586 0 0;
-0.335817 0 0;
-0.28652 0 0;
-0.234173 0 0;
-0.179288 0 0;
-0.122406 0 0;
-0.0640857 0 0;
-0.00490657 0 0;
0.0545435 0 0;
0.113671 0 0;
0.171884 0 0;
0.228597 0 0;
0.283236 0 0;
0.335249 0 0;
0.384105 0 0;
0.429304 0 0;
0.470381 0 0;
0.506908 0 0;
0.538505 0 0;
0.564835 0 0;
0.585618 0 0;
0.600623 0 0;
0.60968 0 0;
0.612675 0 0;
0.609556 0 0;
0.600331 0 0;
0.585069 0 0;
0.563901 0 0;
0.537015 0 0;
0.50466 0 0;
0.467138 0 0;
0.424804 0 0;
0.378065 0 0;
0.32737 0 0;
0.273213 0 0;
0.216121 0 0;
0.156654 0 0;
0.095398 0 0;
0.0329586 0 0;
-0.0300445 0 0;
-0.0929835 0 0;
-0.155229 0 0;
-0.216155 0 0;
-0.275149 0 0;
-0.331614 0 0;
-0.384974 0 0;
-0.434686 0 0;
-0.480238 0 0;
-0.521159 0 0];
