function p = positionsVector1
p=zeros(1, 109, 3 );
p(1,:,:) = [ -0.182253 0 0;
-0.137056 0 0;
-0.0915457 0 0;
-0.0458254 0 0;
1.32602e-09 0 0;
0.0457206 0 0;
0.0912321 0 0;
0.136431 0 0;
0.181215 0 0;
0.246489 0 0;
0.293108 0 0;
0.336987 0 0;
0.377636 0 0;
0.414691 0 0;
0.447715 0 0;
0.4764 0 0;
0.500425 0 0;
0.519537 0 0;
0.533527 0 0;
0.542235 0 0;
0.545555 0 0;
0.543433 0 0;
0.535869 0 0;
0.52292 0 0;
0.504694 0 0;
0.481353 0 0;
0.453113 0 0;
0.420236 0 0;
0.383035 0 0;
0.341865 0 0;
0.297122 0 0;
0.249242 0 0;
0.198689 0 0;
0.145961 0 0;
0.0915757 0 0;
0.0360709 0 0;
-0.0200026 0 0;
-0.0760863 0 0;
-0.13162 0 0;
-0.186045 0 0;
-0.238815 0 0;
-0.289395 0 0;
-0.337271 0 0;
-0.381954 0 0;
-0.422987 0 0;
-0.459944 0 0;
-0.492441 0 0;
-0.520137 0 0;
-0.542736 0 0;
-0.559994 0 0;
-0.571718 0 0;
-0.577769 0 0;
-0.578067 0 0;
-0.572587 0 0;
-0.561361 0 0;
-0.544481 0 0;
-0.522094 0 0;
-0.494403 0 0;
-0.461665 0 0;
-0.424189 0 0;
-0.382331 0 0;
-0.336494 0 0;
-0.287121 0 0;
-0.234692 0 0;
-0.17972 0 0;
-0.122745 0 0;
-0.0643291 0 0;
-0.00505128 0 0;
0.0544993 0 0;
0.113728 0 0;
0.172042 0 0;
0.228855 0 0;
0.283592 0 0;
0.3357 0 0;
0.384646 0 0;
0.429931 0 0;
0.471086 0 0;
0.507686 0 0;
0.539348 0 0;
0.565736 0 0;
0.586566 0 0;
0.601611 0 0;
0.610696 0 0;
0.613711 0 0;
0.6106 0 0;
0.601374 0 0;
0.5861 0 0;
0.564909 0 0;
0.537991 0 0;
0.505593 0 0;
0.468019 0 0;
0.425624 0 0;
0.378816 0 0;
0.328044 0 0;
0.273803 0 0;
0.21662 0 0;
0.157058 0 0;
0.0957015 0 0;
0.0331585 0 0;
-0.0299505 0 0;
-0.0929966 0 0;
-0.155349 0 0;
-0.216383 0 0;
-0.275482 0 0;
-0.332048 0 0;
-0.385506 0 0;
-0.435311 0 0;
-0.48095 0 0;
-0.521952 0 0];
