function p = positionsTaylor2
% h=1
p=zeros(1, 9, 3 );
p(1,:,:) = [ 26708 -10.9697 -10.9697;
26708 -8.22731 -8.22731;
26708 -5.48487 -5.48487;
26708 -2.74244 -2.74244;
26708 0 0;
26708 2.74244 2.74244;
26708 5.48487 5.48487;
26708 8.22731 8.22731;
26708 10.9697 10.9697];
