function p = positionsS
p=zeros(1, 29, 3 );
p(1,:,:) = [ -0.388752 0 0;
-0.29502 0 0;
-0.198336 0 0;
-0.0996668 0 0;
0 0 0;
0.0986685 0 0;
0.195351 0 0;
0.28908 0 0;
0.378918 0 0;
0.46882 0 0;
0.554475 0 0;
0.635497 0 0;
0.711481 0 0;
0.782101 0 0;
0.847006 0 0;
0.905918 0 0;
0.958561 0 0;
1.00471 0 0;
1.04417 0 0;
1.07676 0 0;
1.10237 0 0;
1.12091 0 0;
1.1323 0 0;
1.13654 0 0;
1.13363 0 0;
1.12363 0 0;
1.10662 0 0;
1.08273 0 0;
1.0521 0 0];
