function p = positionsCos
p=zeros(1, 509, 3 );
p(1,:,:) = [ -0.717356 0 0;
-0.564642 0 0;
-0.389418 0 0;
-0.198669 0 0;
0 0 0;
0.190723 0 0;
0.365895 0 0;
0.518533 0 0;
0.642553 0 0;
0.768434 0 0;
0.778856 0 0;
0.666254 0 0;
0.439776 0 0;
0.13062 0 0;
-0.218603 0 0;
-0.553466 0 0;
-0.820233 0 0;
-0.972104 0 0;
-0.97807 0 0;
-0.828407 0 0;
-0.537703 0 0;
-0.143867 0 0;
0.296459 0 0;
0.715842 0 0;
1.04615 0 0;
1.22939 0 0;
1.22754 0 0;
1.02983 0 0;
0.656079 0 0;
0.155357 0 0;
-0.400082 0 0;
-0.924936 0 0;
-1.33368 0 0;
-1.55419 0 0;
-1.54005 0 0;
-1.27948 0 0;
-0.799302 0 0;
-0.162946 0 0;
0.537446 0 0;
1.19402 0 0;
1.69945 0 0;
1.9641 0 0;
1.93137 0 0;
1.5887 0 0;
0.972203 0 0;
0.163807 0 0;
-0.719051 0 0;
-1.54004 0 0;
-2.16454 0 0;
-2.48122 0 0;
-2.42116 0 0;
-1.97143 0 0;
-1.18043 0 0;
-0.1539 0 0;
0.95856 0 0;
1.98469 0 0;
2.75569 0 0;
3.13336 0 0;
3.03395 0 0;
2.4448 0 0;
1.43055 0 0;
0.12754 0 0;
-1.27373 0 0;
-2.55568 0 0;
-3.50674 0 0;
-3.95548 0 0;
-3.80029 0 0;
-3.02982 0 0;
-1.73012 0 0;
-0.0768096 0 0;
1.68761 0 0;
3.28843 0 0;
4.46058 0 0;
4.99152 0 0;
4.75824 0 0;
3.75225 0 0;
2.08775 0 0;
-0.00921084 0 0;
-2.23009 0 0;
-4.22815 0 0;
-5.67146 0 0;
-6.29667 0 0;
-5.95518 0 0;
-4.64363 0 0;
-2.51316 0 0;
0.145471 0 0;
2.93988 0 0;
5.43258 0 0;
7.20804 0 0;
7.94024 0 0;
7.45004 0 0;
5.74251 0 0;
3.01715 0 0;
-0.352303 0 0;
-3.86707 0 0;
-6.97534 0 0;
-9.15717 0 0;
-10.0092 0 0;
-9.31612 0 0;
-7.09598 0 0;
-3.61152 0 0;
0.657205 0 0;
5.07639 0 0;
8.95033 0 0;
11.6287 0 0;
12.6128 0 0;
11.6445 0 0;
8.7614 0 0;
4.30878 0 0;
-1.09719 0 0;
-6.65146 0 0;
-11.4772 0 0;
-14.7613 0 0;
-15.8879 0 0;
-14.5483 0 0;
-10.8086 0 0;
-5.1218 0 0;
1.72185 0 0;
8.70016 0 0;
14.7084 0 0;
18.7304 0 0;
20.0062 0 0;
18.1679 0 0;
13.3226 0 0;
6.06305 0 0;
-2.59742 0 0;
-11.3616 0 0;
-18.838 0 0;
-23.7576 0 0;
-25.1828 0 0;
-22.6775 0 0;
-16.4062 0 0;
-7.14359 0 0;
3.812 0 0;
14.8148 0 0;
24.1132 0 0;
30.1223 0 0;
31.6874 0 0;
28.293 0 0;
20.184 0 0;
8.37141 0 0;
-5.48248 0 0;
-19.2905 0 0;
-30.8481 0 0;
-38.1777 0 0;
-39.8575 0 0;
-35.282 0 0;
-24.8066 0 0;
-9.74907 0 0;
7.76349 0 0;
25.0853 0 0;
39.4426 0 0;
48.3689 0 0;
50.1157 0 0;
43.9754 0 0;
30.4554 0 0;
11.2704 0 0;
-10.8591 0 0;
-32.5802 0 0;
-50.4048 0 0;
-61.2575 0 0;
-62.9908 0 0;
-54.783 0 0;
-37.3484 0 0;
-12.9156 0 0;
15.0379 0 0;
42.2649 0 0;
64.3802 0 0;
77.5517 0 0;
79.144 0 0;
68.211 0 0;
45.7469 0 0;
14.6446 0 0;
-20.6529 0 0;
-54.7677 0 0;
-82.1889 0 0;
-98.1437 0 0;
-99.4022 0 0;
-84.8848 0 0;
-55.9632 0 0;
-16.388 0 0;
28.1669 0 0;
70.8945 0 0;
104.872 0 0;
124.158 0 0;
124.798 0 0;
105.576 0 0;
68.369 0 0;
18.0344 0 0;
-38.1858 0 0;
-91.6786 0 0;
-133.751 0 0;
-157.01 0 0;
-156.623 0 0;
-131.237 0 0;
-83.4051 0 0;
-19.413 0 0;
51.5013 0 0;
118.444 0 0;
170.501 0 0;
198.483 0 0;
196.487 0 0;
163.039 0 0;
101.592 0 0;
20.2706 0 0;
-69.1464 0 0;
-152.884 0 0;
-217.249 0 0;
-250.82 0 0;
-246.401 0 0;
-202.426 0 0;
-123.542 0 0;
-20.2398 0 0;
92.4669 0 0;
197.168 0 0;
276.689 0 0;
316.843 0 0;
308.872 0 0;
251.172 0 0;
149.968 0 0;
18.7975 0 0;
-123.214 0 0;
-254.069 0 0;
-352.234 0 0;
-400.1 0 0;
-387.027 0 0;
-311.455 0 0;
-181.699 0 0;
-15.2081 0 0;
163.663 0 0;
327.132 0 0;
448.21 0 0;
505.055 0 0;
484.761 0 0;
385.951 0 0;
219.687 0 0;
8.44905 0 0;
-216.768 0 0;
-420.886 0 0;
-570.093 0 0;
-637.313 0 0;
-606.924 0 0;
-477.935 0 0;
-265.02 0 0;
2.88907 0 0;
286.357 0 0;
541.112 0 0;
724.813 0 0;
803.917 0 0;
759.555 0 0;
591.419 0 0;
318.918 0 0;
-20.7338 0 0;
-377.39 0 0;
-695.192 0 0;
-921.141 0 0;
-1013.71 0 0;
-950.166 0 0;
-731.304 0 0;
-382.738 0 0;
47.7049 0 0;
496.28 0 0;
892.54 0 0;
1170.17 0 0;
1277.8 0 0;
1188.1 0 0;
903.576 0 0;
457.954 0 0;
-87.343 0 0;
-651.319 0 0;
-1145.16 0 0;
-1485.92 0 0;
-1610.1 0 0;
-1484.95 0 0;
-1115.53 0 0;
-546.128 0 0;
144.411 0 0;
853.214 0 0;
1468.34 0 0;
1886.11 0 0;
2028.09 0 0;
1855.15 0 0;
1376.04 0 0;
648.853 0 0;
-225.288 0 0;
-1115.78 0 0;
-1881.59 0 0;
-2393.14 0 0;
-2553.67 0 0;
-2316.58 0 0;
-1695.9 0 0;
-767.665 0 0;
338.489 0 0;
1456.81 0 0;
2409.7 0 0;
3035.3 0 0;
3214.29 0 0;
2891.43 0 0;
2088.17 0 0;
903.896 0 0;
-495.335 0 0;
-1899.25 0 0;
-3084.25 0 0;
-3848.29 0 0;
-4044.34 0 0;
-3607.2 0 0;
-2568.69 0 0;
-1058.47 0 0;
710.844 0 0;
2472.61 0 0;
3945.43 0 0;
4877.16 0 0;
5086.88 0 0;
4497.96 0 0;
3156.57 0 0;
1231.6 0 0;
-1004.87 0 0;
-3214.84 0 0;
-5044.31 0 0;
-6178.78 0 0;
-6395.8 0 0;
-5605.9 0 0;
-3874.82 0 0;
-1422.33 0 0;
1403.62 0 0;
4174.73 0 0;
6445.82 0 0;
7824.85 0 0;
8038.55 0 0;
6983.17 0 0;
4751.11 0 0;
1627.95 0 0;
-1941.56 0 0;
-5414.92 0 0;
-8232.49 0 0;
-9905.75 0 0;
-10099.5 0 0;
-8694.25 0 0;
-5818.59 0 0;
-1843.11 0 0;
2663.99 0 0;
7015.81 0 0;
10509.1 0 0;
12535.4 0 0;
12684 0 0;
10818.8 0 0;
7116.83 0 0;
2058.64 0 0;
-3630.29 0 0;
-9080.51 0 0;
-13408.6 0 0;
-15857.3 0 0;
-15923.8 0 0;
-13455 0 0;
-8692.94 0 0;
-2259.92 0 0;
4918.16 0 0;
11741.2 0 0;
17099.9 0 0;
20052.3 0 0;
19983.5 0 0;
16724 0 0;
10602.7 0 0;
2424.65 0 0;
-6629.12 0 0;
-15167.2 0 0;
-21797.2 0 0;
-25347.7 0 0;
-25068.6 0 0;
-20775.2 0 0;
-12912.2 0 0;
-2519.9 0 0;
8895.61 0 0;
19575.2 0 0;
27771.9 0 0;
32030.1 0 0;
31435.2 0 0;
25792 0 0;
15698.5 0 0;
2498.01 0 0;
-11890.2 0 0;
-25242.7 0 0;
-35368.3 0 0;
-40459.4 0 0;
-39403.2 0 0;
-32000.4 0 0;
-19052 0 0;
-2291.2 0 0;
15837.2 0 0;
32524.2 0 0;
45022.6 0 0;
51088.8 0 0;
49371 0 0;
39677.5 0 0;
23077.3 0 0;
1804.36 0 0;
-21028.3 0 0;
-41873.1 0 0;
-57287.1 0 0;
-64487.5 0 0;
-61835.1 0 0;
-49163.6 0 0;
-27894.5 0 0;
-905.388 0 0;
27842 0 0;
53868.6 0 0;
72861.4 0 0;
81371.1 0 0;
77413.9 0 0;
60875.4 0 0;
33640.4 0 0;
-587.585 0 0;
-36768.6 0 0;
-69249.9 0 0;
-92630.6 0 0;
-102638 0 0;
-96877.1 0 0;
-75323 0 0;
-40468.7 0 0;
2923.07 0 0;
48443.5 0 0;
88960.8 0 0;
117715 0 0;
129417 0 0;
121182 0 0;
93129.8 0 0;
48549.5 0 0;
-6438.58 0 0;
-63688.1 0 0;
-114205 0 0;
-149531 0 0;
-163125 0 0;
-151519 0 0;
-115057 0 0;
-58067.1 0 0;
11590 0 0;
83564.2 0 0;
146517 0 0;
189870 0 0;
205537 0 0;
189366 0 0;
142031 0 0;
69216.3 0 0;
-18990.1 0 0;
-109443 0 0;
-187852 0 0;
-240994 0 0;
-258884 0 0;
-236562 0 0;
-175181 0 0;
-82194.3 0 0;
29459.5 0 0;
143092 0 0;
240702 0 0;
305765 0 0;
325960 0 0;
295384 0 0;
215876 0 0;
97189.4 0 0;
-44092.6 0 0;
-186792 0 0;
-308237 0 0;
-387792 0 0;
-410265 0 0;
-368659 0 0;
-265778 0 0;
-114362 0 0;
64344.5 0 0;
243477 0 0;
394495 0 0;
491636 0 0;
516187 0 0;
459893 0 0;
326896 0 0;
133818 0 0;
-92144.3 0 0;
-316925 0 0;
-504609 0 0;
-623049 0 0;
-649218 0 0;
-573424 0 0;
-401657 0 0;
-155569 0 0;
130042 0 0;
411995 0 0;
645109 0 0;
789292 0 0;
816232 0 0;
714623 0 0;
492982 0 0;
179474 0 0;
-181400 0 0;
-534928 0 0;
-824293 0 0;
-999516 0 0;
-1.02583e+06 0 0;
-890135 0 0;
-604381 0 0;
-205162 0 0;
250646 0 0;
693740 0 0;
1.0527e+06 0 0;
1.26526e+06 0 0;
1.28877e+06 0 0;
1.10817e+06 0 0;
740056 0 0;
231918 0 0;
-343589 0 0;
-898719 0 0];
