function p = positionsTaylor
p=zeros(1, 9, 3 );
p(1,:,:) = [ 26707.7 -109.697 -109.697;
26707.8 -82.2728 -82.2728;
26707.9 -54.8486 -54.8486;
26708 -27.4243 -27.4243;
26708 0 0;
26707.9 27.4243 27.4243;
26707.7 54.8485 54.8485;
26707.5 82.2725 82.2725;
26707.2 109.696 109.696];
