function p = positionsVector3
p=zeros(1, 127, 3 );
p(1,:,:) = [ -0.182155 0 0;
-0.137016 0 0;
-0.0915348 0 0;
-0.0458247 0 0;
-4.02341e-23 0 0;
0.0457101 0 0;
0.0911914 0 0;
0.13633 0 0;
0.181014 0 0;
-0.360653 0 0;
-0.316427 0 0;
-0.271859 0 0;
-0.227063 0 0;
-0.198711 0 0;
-0.137013 0 0;
-0.0915313 0 0;
-0.0458212 0 0;
3.42719e-06 0 0;
-0.532803 0 0;
-0.490829 0 0;
-0.448081 0 0;
-0.404651 0 0;
-0.393436 0 0;
-0.316428 0 0;
-0.27186 0 0;
-0.227061 0 0;
-0.182163 0 0;
0.246256 0 0;
0.296605 0 0;
0.344134 0 0;
0.388003 0 0;
0.42872 0 0;
0.464834 0 0;
0.496699 0 0;
0.523621 0 0;
0.54543 0 0;
0.561865 0 0;
0.572745 0 0;
0.577938 0 0;
0.577374 0 0;
0.571034 0 0;
0.558962 0 0;
0.541256 0 0;
0.518072 0 0;
0.489622 0 0;
0.456169 0 0;
0.418031 0 0;
0.37557 0 0;
0.329195 0 0;
0.279355 0 0;
0.226535 0 0;
0.171252 0 0;
0.11405 0 0;
0.0554929 0 0;
-0.00383846 0 0;
-0.0633539 0 0;
-0.122459 0 0;
-0.180561 0 0;
-0.237077 0 0;
-0.291433 0 0;
-0.34308 0 0;
-0.39149 0 0;
-0.436168 0 0;
-0.476652 0 0;
-0.512523 0 0;
-0.543404 0 0;
-0.568968 0 0;
-0.588939 0 0;
-0.603097 0 0;
-0.611278 0 0;
-0.613379 0 0;
-0.609355 0 0;
-0.599223 0 0;
-0.583063 0 0;
-0.561012 0 0;
-0.53327 0 0;
-0.500092 0 0;
-0.46179 0 0;
-0.418728 0 0;
-0.371317 0 0;
-0.320017 0 0;
-0.265324 0 0;
-0.207774 0 0;
-0.147931 0 0;
-0.0863845 0 0;
-0.0237436 0 0;
0.0393697 0 0;
0.102326 0 0;
0.164495 0 0;
0.225253 0 0;
0.283986 0 0;
0.340101 0 0;
0.393025 0 0;
0.442219 0 0;
0.487175 0 0;
0.52743 0 0;
0.562562 0 0;
0.592201 0 0;
0.616031 0 0;
0.633791 0 0;
0.645281 0 0;
0.650363 0 0;
0.648961 0 0;
0.641066 0 0;
0.626732 0 0;
0.606079 0 0;
0.579288 0 0;
0.546605 0 0;
0.508335 0 0;
0.464839 0 0;
0.416532 0 0;
0.36388 0 0;
0.307393 0 0;
0.24762 0 0;
0.185148 0 0;
0.12059 0 0;
0.0545848 0 0;
-0.0122138 0 0;
-0.0791407 0 0;
-0.145527 0 0;
-0.210708 0 0;
-0.274026 0 0;
-0.334842 0 0;
-0.392538 0 0;
-0.446526 0 0;
-0.496252 0 0;
-0.541204 0 0];
