function p = positionsVector
p=zeros(1, 1009, 3 );
p(1,:,:) = [ 26707 -164.544 -164.544;
26707.4 -123.409 -123.409;
26707.8 -82.2729 -82.2729;
26707.9 -41.1365 -41.1365;
26708 0 0;
26707.8 41.1363 41.1363;
26707.5 82.2723 82.2723;
26707.1 123.408 123.408;
26706.5 164.542 164.542;
26705.9 205.677 205.677;
26704.9 246.808 246.808;
26703.3 287.934 287.934;
26701.2 329.056 329.056;
26698.6 370.172 370.171;
26695.6 411.28 411.28;
26692 452.382 452.382;
26687.9 493.475 493.475;
26683.3 534.559 534.559;
26678.2 575.634 575.634;
26672.6 616.698 616.698;
26666.5 657.75 657.75;
26659.9 698.79 698.79;
26652.8 739.818 739.818;
26645.2 780.832 780.832;
26637.1 821.831 821.831;
26628.4 862.815 862.815;
26619.3 903.783 903.783;
26609.7 944.734 944.734;
26599.6 985.668 985.667;
26588.9 1026.58 1026.58;
26577.8 1067.48 1067.48;
26566.1 1108.35 1108.35;
26554 1149.21 1149.21;
26541.3 1190.04 1190.04;
26528.2 1230.85 1230.85;
26514.5 1271.64 1271.64;
26500.3 1312.41 1312.41;
26485.6 1353.15 1353.14;
26470.4 1393.86 1393.86;
26454.7 1434.55 1434.54;
26438.5 1475.21 1475.2;
26421.8 1515.84 1515.84;
26404.6 1556.44 1556.44;
26386.8 1597.01 1597.01;
26368.6 1637.56 1637.55;
26349.8 1678.07 1678.07;
26330.6 1718.55 1718.54;
26310.8 1758.99 1758.99;
26290.5 1799.4 1799.4;
26269.7 1839.78 1839.78;
26248.4 1880.12 1880.12;
26226.6 1920.43 1920.43;
26204.2 1960.7 1960.69;
26181.4 2000.93 2000.92;
26158 2041.12 2041.12;
26134.2 2081.27 2081.27;
26109.8 2121.38 2121.38;
26084.8 2161.45 2161.45;
26059.4 2201.47 2201.47;
26033.5 2241.46 2241.45;
26007 2281.4 2281.39;
25980 2321.29 2321.29;
25952.5 2361.14 2361.13;
25924.5 2400.94 2400.93;
25896 2440.69 2440.69;
25866.9 2480.4 2480.39;
25837.3 2520.05 2520.05;
25807.2 2559.65 2559.65;
25776.6 2599.21 2599.2;
25745.5 2638.71 2638.7;
25713.8 2678.15 2678.15;
25681.6 2717.54 2717.54;
25648.9 2756.88 2756.87;
25615.6 2796.16 2796.15;
25581.9 2835.38 2835.38;
25547.5 2874.55 2874.54;
25512.7 2913.65 2913.65;
25477.3 2952.7 2952.69;
25441.4 2991.68 2991.68;
25405 3030.61 3030.6;
25368.1 3069.47 3069.46;
25330.6 3108.26 3108.25;
25292.5 3146.99 3146.98;
25254 3185.65 3185.64;
25214.9 3224.25 3224.24;
25175.2 3262.78 3262.77;
25135.1 3301.23 3301.22;
25094.3 3339.62 3339.61;
25053.1 3377.94 3377.93;
25011.3 3416.18 3416.17;
24969 3454.35 3454.34;
24926.1 3492.45 3492.43;
24882.6 3530.46 3530.45;
24838.7 3568.41 3568.39;
24794.2 3606.27 3606.26;
24749.1 3644.05 3644.04;
24703.5 3681.76 3681.74;
24657.3 3719.38 3719.37;
24610.6 3756.92 3756.9;
24563.3 3794.37 3794.36;
24515.5 3831.75 3831.73;
24467.1 3869.03 3869.01;
24418.2 3906.22 3906.21;
24368.7 3943.33 3943.31;
24318.6 3980.35 3980.33;
24268 4017.28 4017.26;
24216.8 4054.11 4054.09;
24165.1 4090.85 4090.83;
24112.8 4127.49 4127.47;
24059.9 4164.04 4164.02;
24006.5 4200.49 4200.47;
23952.5 4236.84 4236.82;
23897.9 4273.09 4273.07;
23842.7 4309.24 4309.21;
23787 4345.28 4345.26;
23730.7 4381.22 4381.2;
23673.8 4417.06 4417.03;
23616.4 4452.79 4452.76;
23558.4 4488.4 4488.38;
23499.8 4523.91 4523.88;
23440.6 4559.31 4559.28;
23380.8 4594.59 4594.56;
23320.4 4629.76 4629.73;
23259.5 4664.81 4664.78;
23197.9 4699.75 4699.71;
23135.8 4734.56 4734.52;
23073 4769.25 4769.22;
23009.7 4803.82 4803.79;
22945.8 4838.27 4838.23;
22881.3 4872.59 4872.55;
22816.2 4906.79 4906.75;
22750.4 4940.85 4940.81;
22684.1 4974.78 4974.74;
22617.2 5008.58 5008.54;
22549.6 5042.25 5042.21;
22481.5 5075.78 5075.74;
22412.7 5109.17 5109.13;
22343.3 5142.43 5142.38;
22273.3 5175.54 5175.49;
22202.7 5208.51 5208.46;
22131.5 5241.33 5241.28;
22059.6 5274 5273.95;
21987.1 5306.53 5306.48;
21914 5338.91 5338.85;
21840.2 5371.13 5371.07;
21765.8 5403.2 5403.14;
21690.8 5435.11 5435.05;
21615.2 5466.86 5466.8;
21538.9 5498.45 5498.38;
21461.9 5529.87 5529.81;
21384.4 5561.13 5561.07;
21306.1 5592.23 5592.16;
21227.2 5623.15 5623.08;
21147.7 5653.9 5653.83;
21067.5 5684.47 5684.4;
20986.7 5714.87 5714.8;
20905.2 5745.09 5745.02;
20823 5775.13 5775.05;
20740.2 5804.98 5804.9;
20656.6 5834.65 5834.57;
20572.5 5864.13 5864.04;
20487.6 5893.41 5893.33;
20402.1 5922.5 5922.41;
20315.9 5951.4 5951.31;
20229 5980.09 5980;
20141.4 6008.58 6008.49;
20053.1 6036.87 6036.77;
19964.1 6064.95 6064.85;
19874.5 6092.81 6092.71;
19784.1 6120.47 6120.36;
19693 6147.9 6147.8;
19601.2 6175.12 6175.01;
19508.8 6202.11 6202;
19415.6 6228.88 6228.77;
19321.6 6255.42 6255.3;
19227 6281.72 6281.61;
19131.6 6307.79 6307.67;
19035.5 6333.62 6333.5;
18938.7 6359.21 6359.08;
18841.1 6384.55 6384.42;
18742.8 6409.64 6409.51;
18643.8 6434.48 6434.35;
18544 6459.06 6458.92;
18443.5 6483.38 6483.24;
18342.2 6507.43 6507.29;
18240.1 6531.22 6531.07;
18137.3 6554.73 6554.59;
18033.7 6577.97 6577.82;
17929.3 6600.92 6600.77;
17824.2 6623.59 6623.44;
17718.3 6645.98 6645.82;
17611.5 6668.06 6667.9;
17504 6689.85 6689.69;
17395.7 6711.34 6711.17;
17286.7 6732.52 6732.34;
17176.7 6753.38 6753.21;
17066 6773.93 6773.75;
16954.5 6794.16 6793.97;
16842.2 6814.06 6813.87;
16729 6833.62 6833.43;
16615 6852.85 6852.66;
16500.2 6871.74 6871.54;
16384.5 6890.27 6890.07;
16268 6908.45 6908.25;
16150.6 6926.27 6926.06;
16032.3 6943.73 6943.51;
15913.2 6960.81 6960.59;
15793.3 6977.51 6977.29;
15672.4 6993.83 6993.6;
15550.7 7009.76 7009.52;
15428.1 7025.29 7025.04;
15304.6 7040.41 7040.16;
15180.2 7055.12 7054.87;
15054.9 7069.41 7069.15;
14928.7 7083.27 7083.01;
14801.5 7096.7 7096.43;
14673.5 7109.69 7109.42;
14544.5 7122.23 7121.95;
14414.5 7134.3 7134.02;
14283.6 7145.92 7145.62;
14151.8 7157.05 7156.76;
14019 7167.7 7167.4;
13885.2 7177.86 7177.55;
13750.5 7187.52 7187.2;
13614.7 7196.66 7196.34;
13478 7205.29 7204.96;
13340.3 7213.38 7213.04;
13201.6 7220.92 7220.58;
13061.8 7227.92 7227.57;
12921.1 7234.35 7233.99;
12779.3 7240.2 7239.84;
12636.4 7245.47 7245.1;
12492.5 7250.14 7249.76;
12347.6 7254.2 7253.81;
12201.6 7257.63 7257.23;
12054.5 7260.43 7260.02;
11906.3 7262.57 7262.16;
11757 7264.05 7263.63;
11606.6 7264.85 7264.42;
11455.1 7264.96 7264.52;
11302.5 7264.36 7263.9;
11148.8 7263.03 7262.56;
10993.9 7260.96 7260.48;
10837.8 7258.13 7257.64;
10680.6 7254.52 7254.03;
10522.2 7250.12 7249.62;
10362.6 7244.91 7244.39;
10201.9 7238.87 7238.34;
10039.9 7231.97 7231.43;
9876.69 7224.2 7223.64;
9712.26 7215.53 7214.97;
9546.58 7205.95 7205.37;
9379.66 7195.43 7194.83;
9211.46 7183.94 7183.33;
9041.99 7171.46 7170.84;
8871.24 7157.97 7157.33;
8699.18 7143.43 7142.78;
8525.81 7127.82 7127.15;
8351.11 7111.11 7110.43;
8175.08 7093.28 7092.57;
7997.7 7074.28 7073.56;
7818.96 7054.08 7053.34;
7638.84 7032.66 7031.9;
7457.34 7009.97 7009.19;
7274.45 6985.97 6985.18;
7090.14 6960.64 6959.82;
6904.42 6933.92 6933.08;
6717.26 6905.78 6904.91;
6528.66 6876.16 6875.28;
6338.61 6845.03 6844.12;
6147.09 6812.33 6811.4;
5954.1 6778.02 6777.06;
5759.63 6742.03 6741.04;
5563.67 6704.32 6703.3;
5366.2 6664.81 6663.77;
5167.23 6623.46 6622.39;
4966.75 6580.19 6579.09;
4764.75 6534.94 6533.8;
4561.24 6487.63 6486.46;
4356.2 6438.19 6436.98;
4149.64 6386.53 6385.28;
3941.57 6332.57 6331.28;
3731.98 6276.23 6274.9;
3520.89 6217.39 6216.02;
3308.31 6155.98 6154.55;
3094.26 6091.86 6090.39;
2878.75 6024.95 6023.43;
2661.81 5955.11 5953.53;
2443.48 5882.22 5880.59;
2223.78 5806.14 5804.45;
2002.77 5726.74 5724.98;
1780.5 5643.86 5642.03;
1557.04 5557.34 5555.44;
1332.47 5467.01 5465.04;
1106.87 5372.69 5370.64;
880.347 5274.19 5272.05;
653.033 5171.3 5169.07;
425.071 5063.82 5061.49;
196.63 4951.5 4949.07;
-32.0933 4834.11 4831.57;
-260.87 4711.4 4708.73;
-489.436 4583.09 4580.29;
-717.482 4448.91 4445.97;
-944.655 4308.56 4305.47;
-1170.54 4161.74 4158.48;
-1394.68 4008.13 4004.7;
-1616.51 3847.42 3843.8;
-1835.42 3679.28 3675.46;
-2050.68 3503.41 3499.36;
-2261.5 3319.5 3315.21;
-2466.94 3127.28 3122.73;
-2665.97 2926.51 2921.68;
-2857.43 2717 2711.87;
-3040.05 2498.64 2493.18;
-3212.42 2271.41 2265.61;
-3373.06 2035.43 2029.27;
-3520.4 1790.94 1784.4;
-3652.82 1538.38 1531.45;
-3768.74 1278.36 1271.02;
-3866.64 1011.71 1003.97;
-3945.18 739.453 731.313;
-4003.21 462.802 454.28;
