function p = positions
p=zeros(1009, 3 );
p = [ 26707 -164.548 -164.548;
26707.4 -123.411 -123.411;
26707.7 -82.2734 -82.2734;
26707.9 -41.1366 -41.1366;
26708 0 0;
26707.9 41.1366 41.1366;
26707.7 82.2734 82.2734;
26707.4 123.411 123.411;
26707 164.548 164.548;
26707 164.548 164.548;
26707 164.548 164.548;
26707 164.548 164.548;
26707 164.548 164.548;
26707 164.548 164.548;
26706.9 164.548 164.548;
26706.9 164.548 164.548;
26706.9 164.548 164.548;
26706.9 164.548 164.548;
26706.9 164.548 164.548;
26706.9 164.548 164.548;
26706.9 164.548 164.548;
26706.9 164.548 164.548;
26706.9 164.548 164.548;
26706.9 164.547 164.547;
26706.9 164.547 164.547;
26706.9 164.547 164.547;
26706.8 164.547 164.547;
26706.8 164.547 164.547;
26706.8 164.547 164.547;
26706.8 164.547 164.547;
26706.8 164.547 164.547;
26706.8 164.547 164.547;
26706.8 164.547 164.547;
26706.8 164.547 164.547;
26706.8 164.547 164.547;
26706.8 164.547 164.547;
26706.8 164.547 164.547;
26706.8 164.547 164.547;
26706.7 164.547 164.547;
26706.7 164.547 164.547;
26706.7 164.547 164.547;
26706.7 164.547 164.547;
26706.7 164.547 164.547;
26706.7 164.546 164.546;
26706.7 164.546 164.546;
26706.7 164.546 164.546;
26706.7 164.546 164.546;
26706.7 164.546 164.546;
26706.7 164.546 164.546;
26706.7 164.546 164.546;
26706.6 164.546 164.546;
26706.6 164.546 164.546;
26706.6 164.546 164.546;
26706.6 164.546 164.546;
26706.6 164.546 164.546;
26706.6 164.546 164.546;
26706.6 164.546 164.546;
26706.6 164.546 164.546;
26706.6 164.546 164.546;
26706.6 164.546 164.546;
26706.6 164.546 164.546;
26706.5 164.546 164.546;
26706.5 164.545 164.545;
26706.5 164.545 164.545;
26706.5 164.545 164.545;
26706.5 164.545 164.545;
26706.5 164.545 164.545;
26706.5 164.545 164.545;
26706.5 164.545 164.545;
26706.5 164.545 164.545;
26706.5 164.545 164.545;
26706.5 164.545 164.545;
26706.5 164.545 164.545;
26706.4 164.545 164.545;
26706.4 164.545 164.545;
26706.4 164.545 164.545;
26706.4 164.545 164.545;
26706.4 164.545 164.545;
26706.4 164.545 164.545;
26706.4 164.545 164.545;
26706.4 164.545 164.545;
26706.4 164.544 164.544;
26706.4 164.544 164.544;
26706.4 164.544 164.544;
26706.4 164.544 164.544;
26706.3 164.544 164.544;
26706.3 164.544 164.544;
26706.3 164.544 164.544;
26706.3 164.544 164.544;
26706.3 164.544 164.544;
26706.3 164.544 164.544;
26706.3 164.544 164.544;
26706.3 164.544 164.544;
26706.3 164.544 164.544;
26706.3 164.544 164.544;
26706.3 164.544 164.544;
26706.3 164.544 164.544;
26706.2 164.544 164.544;
26706.2 164.544 164.544;
26706.2 164.544 164.544;
26706.2 164.544 164.544;
26706.2 164.543 164.543;
26706.2 164.543 164.543;
26706.2 164.543 164.543;
26706.2 164.543 164.543;
26706.2 164.543 164.543;
26706.2 164.543 164.543;
26706.2 164.543 164.543;
26706.2 164.543 164.543;
26706.1 164.543 164.543;
26706.1 164.543 164.543;
26706.1 164.543 164.543;
26706.1 164.543 164.543;
26706.1 164.543 164.543;
26706.1 164.543 164.543;
26706.1 164.543 164.543;
26706.1 164.543 164.543;
26706.1 164.543 164.543;
26706.1 164.543 164.543;
26706.1 164.543 164.543;
26706.1 164.542 164.542;
26706 164.542 164.542;
26706 164.542 164.542;
26706 164.542 164.542;
26706 164.542 164.542;
26706 164.542 164.542;
26706 164.542 164.542;
26706 164.542 164.542;
26706 164.542 164.542;
26706 164.542 164.542;
26706 164.542 164.542;
26706 164.542 164.542;
26706 164.542 164.542;
26705.9 164.542 164.542;
26705.9 164.542 164.542;
26705.9 164.542 164.542;
26705.9 164.542 164.542;
26705.9 164.542 164.542;
26705.9 164.542 164.542;
26705.9 164.541 164.541;
26705.9 164.541 164.541;
26705.9 164.541 164.541;
26705.9 164.541 164.541;
26705.9 164.541 164.541;
26705.9 164.541 164.541;
26705.8 164.541 164.541;
26705.8 164.541 164.541;
26705.8 164.541 164.541;
26705.8 164.541 164.541;
26705.8 164.541 164.541;
26705.8 164.541 164.541;
26705.8 164.541 164.541;
26705.8 164.541 164.541;
26705.8 164.541 164.541;
26705.8 164.541 164.541;
26705.8 164.541 164.541;
26705.8 164.541 164.541;
26705.7 164.541 164.541;
26705.7 164.541 164.541;
26705.7 164.54 164.54;
26705.7 164.54 164.54;
26705.7 164.54 164.54;
26705.7 164.54 164.54;
26705.7 164.54 164.54;
26705.7 164.54 164.54;
26705.7 164.54 164.54;
26705.7 164.54 164.54;
26705.7 164.54 164.54;
26705.7 164.54 164.54;
26705.6 164.54 164.54;
26705.6 164.54 164.54;
26705.6 164.54 164.54;
26705.6 164.54 164.54;
26705.6 164.54 164.54;
26705.6 164.54 164.54;
26705.6 164.54 164.54;
26705.6 164.54 164.54;
26705.6 164.54 164.54;
26705.6 164.539 164.539;
26705.6 164.539 164.539;
26705.6 164.539 164.539;
26705.5 164.539 164.539;
26705.5 164.539 164.539;
26705.5 164.539 164.539;
26705.5 164.539 164.539;
26705.5 164.539 164.539;
26705.5 164.539 164.539;
26705.5 164.539 164.539;
26705.5 164.539 164.539;
26705.5 164.539 164.539;
26705.5 164.539 164.539;
26705.5 164.539 164.539;
26705.5 164.539 164.539;
26705.4 164.539 164.539;
26705.4 164.539 164.539;
26705.4 164.539 164.539;
26705.4 164.539 164.539;
26705.4 164.539 164.538;
26705.4 164.538 164.538;
26705.4 164.538 164.538;
26705.4 164.538 164.538;
26705.4 164.538 164.538;
26705.4 164.538 164.538;
26705.4 164.538 164.538;
26705.4 164.538 164.538;
26705.3 164.538 164.538;
26705.3 164.538 164.538;
26705.3 164.538 164.538;
26705.3 164.538 164.538;
26705.3 164.538 164.538;
26705.3 164.538 164.538;
26705.3 164.538 164.538;
26705.3 164.538 164.538;
26705.3 164.538 164.538;
26705.3 164.538 164.538;
26705.3 164.538 164.538;
26705.3 164.538 164.538;
26705.2 164.537 164.537;
26705.2 164.537 164.537;
26705.2 164.537 164.537;
26705.2 164.537 164.537;
26705.2 164.537 164.537;
26705.2 164.537 164.537;
26705.2 164.537 164.537;
26705.2 164.537 164.537;
26705.2 164.537 164.537;
26705.2 164.537 164.537;
26705.2 164.537 164.537;
26705.1 164.537 164.537;
26705.1 164.537 164.537;
26705.1 164.537 164.537;
26705.1 164.537 164.537;
26705.1 164.537 164.537;
26705.1 164.537 164.537;
26705.1 164.537 164.537;
26705.1 164.537 164.537;
26705.1 164.536 164.536;
26705.1 164.536 164.536;
26705.1 164.536 164.536;
26705.1 164.536 164.536;
26705 164.536 164.536;
26705 164.536 164.536;
26705 164.536 164.536;
26705 164.536 164.536;
26705 164.536 164.536;
26705 164.536 164.536;
26705 164.536 164.536;
26705 164.536 164.536;
26705 164.536 164.536;
26705 164.536 164.536;
26705 164.536 164.536;
26705 164.536 164.536;
26704.9 164.536 164.536;
26704.9 164.536 164.536;
26704.9 164.536 164.536;
26704.9 164.536 164.536;
26704.9 164.535 164.535;
26704.9 164.535 164.535;
26704.9 164.535 164.535;
26704.9 164.535 164.535;
26704.9 164.535 164.535;
26704.9 164.535 164.535;
26704.9 164.535 164.535;
26704.9 164.535 164.535;
26704.8 164.535 164.535;
26704.8 164.535 164.535;
26704.8 164.535 164.535;
26704.8 164.535 164.535;
26704.8 164.535 164.535;
26704.8 164.535 164.535;
26704.8 164.535 164.535;
26704.8 164.535 164.535;
26704.8 164.535 164.535;
26704.8 164.535 164.535;
26704.8 164.535 164.535;
26704.8 164.534 164.534;
26704.7 164.534 164.534;
26704.7 164.534 164.534;
26704.7 164.534 164.534;
26704.7 164.534 164.534;
26704.7 164.534 164.534;
26704.7 164.534 164.534;
26704.7 164.534 164.534;
26704.7 164.534 164.534;
26704.7 164.534 164.534;
26704.7 164.534 164.534;
26704.7 164.534 164.534;
26704.7 164.534 164.534;
26704.6 164.534 164.534;
26704.6 164.534 164.534;
26704.6 164.534 164.534;
26704.6 164.534 164.534;
26704.6 164.534 164.534;
26704.6 164.534 164.534;
26704.6 164.533 164.533;
26704.6 164.533 164.533;
26704.6 164.533 164.533;
26704.6 164.533 164.533;
26704.6 164.533 164.533;
26704.6 164.533 164.533;
26704.5 164.533 164.533;
26704.5 164.533 164.533;
26704.5 164.533 164.533;
26704.5 164.533 164.533;
26704.5 164.533 164.533;
26704.5 164.533 164.533;
26704.5 164.533 164.533;
26704.5 164.533 164.533;
26704.5 164.533 164.533;
26704.5 164.533 164.533;
26704.5 164.533 164.533;
26704.5 164.533 164.533;
26704.4 164.533 164.533;
26704.4 164.533 164.533;
26704.4 164.532 164.532;
26704.4 164.532 164.532;
26704.4 164.532 164.532;
26704.4 164.532 164.532;
26704.4 164.532 164.532;
26704.4 164.532 164.532;
26704.4 164.532 164.532;
26704.4 164.532 164.532;
