function p = positionsS2;
p=zeros(1, 209, 3 );
p(1,:,:) = [ -0.0399887 0 0;
-0.029995 0 0;
-0.0199983 0 0;
-0.00999967 0 0;
0 0 0;
0.00999867 0 0;
0.0199953 0 0;
0.029989 0 0;
0.0399787 0 0;
0.0499683 0 0;
0.0599535 0 0;
0.0699337 0 0;
0.0799084 0 0;
0.0898771 0 0;
0.0998392 0 0;
0.109794 0 0;
0.119742 0 0;
0.129682 0 0;
0.139613 0 0;
0.149535 0 0;
0.159448 0 0;
0.169351 0 0;
0.179243 0 0;
0.189125 0 0;
0.198995 0 0;
0.208853 0 0;
0.218698 0 0;
0.228531 0 0;
0.23835 0 0;
0.248156 0 0;
0.257947 0 0;
0.267723 0 0;
0.277483 0 0;
0.287228 0 0;
0.296957 0 0;
0.306668 0 0;
0.316363 0 0;
0.326039 0 0;
0.335697 0 0;
0.345337 0 0;
0.354957 0 0;
0.364558 0 0;
0.374138 0 0;
0.383697 0 0;
0.393236 0 0;
0.402753 0 0;
0.412247 0 0;
0.421719 0 0;
0.431169 0 0;
0.440594 0 0;
0.449996 0 0;
0.459373 0 0;
0.468725 0 0;
0.478051 0 0;
0.487352 0 0;
0.496627 0 0;
0.505874 0 0;
0.515095 0 0;
0.524288 0 0;
0.533452 0 0;
0.542588 0 0;
0.551695 0 0;
0.560772 0 0;
0.56982 0 0;
0.578836 0 0;
0.587822 0 0;
0.596777 0 0;
0.6057 0 0;
0.614591 0 0;
0.623449 0 0;
0.632273 0 0;
0.641065 0 0;
0.649822 0 0;
0.658545 0 0;
0.667233 0 0;
0.675886 0 0;
0.684503 0 0;
0.693083 0 0;
0.701628 0 0;
0.710135 0 0;
0.718605 0 0;
0.727037 0 0;
0.73543 0 0;
0.743785 0 0;
0.752101 0 0;
0.760377 0 0;
0.768614 0 0;
0.77681 0 0;
0.784965 0 0;
0.79308 0 0;
0.801152 0 0;
0.809183 0 0;
0.817171 0 0;
0.825117 0 0;
0.833019 0 0;
0.840878 0 0;
0.848693 0 0;
0.856463 0 0;
0.864189 0 0;
0.87187 0 0;
0.879505 0 0;
0.887095 0 0;
0.894638 0 0;
0.902135 0 0;
0.909584 0 0;
0.916987 0 0;
0.924341 0 0;
0.931648 0 0;
0.938906 0 0;
0.946115 0 0;
0.953275 0 0;
0.960385 0 0;
0.967446 0 0;
0.974457 0 0;
0.981416 0 0;
0.988325 0 0;
0.995183 0 0;
1.00199 0 0;
1.00874 0 0;
1.01545 0 0;
1.02209 0 0;
1.02869 0 0;
1.03523 0 0;
1.04172 0 0;
1.04816 0 0;
1.05454 0 0;
1.06087 0 0;
1.06714 0 0;
1.07336 0 0;
1.07952 0 0;
1.08562 0 0;
1.09167 0 0;
1.09767 0 0;
1.1036 0 0;
1.10948 0 0;
1.1153 0 0;
1.12107 0 0;
1.12677 0 0;
1.13242 0 0;
1.13801 0 0;
1.14354 0 0;
1.14902 0 0;
1.15443 0 0;
1.15978 0 0;
1.16508 0 0;
1.17031 0 0;
1.17549 0 0;
1.1806 0 0;
1.18565 0 0;
1.19064 0 0;
1.19557 0 0;
1.20044 0 0;
1.20525 0 0;
1.20999 0 0;
1.21468 0 0;
1.2193 0 0;
1.22385 0 0;
1.22835 0 0;
1.23278 0 0;
1.23715 0 0;
1.24145 0 0;
1.24569 0 0;
1.24987 0 0;
1.25398 0 0;
1.25803 0 0;
1.26201 0 0;
1.26593 0 0;
1.26979 0 0;
1.27358 0 0;
1.2773 0 0;
1.28096 0 0;
1.28455 0 0;
1.28807 0 0;
1.29153 0 0;
1.29493 0 0;
1.29825 0 0;
1.30152 0 0;
1.30471 0 0;
1.30784 0 0;
1.3109 0 0;
1.31389 0 0;
1.31681 0 0;
1.31967 0 0;
1.32246 0 0;
1.32519 0 0;
1.32784 0 0;
1.33043 0 0;
1.33294 0 0;
1.3354 0 0;
1.33778 0 0;
1.34009 0 0;
1.34233 0 0;
1.34451 0 0;
1.34662 0 0;
1.34866 0 0;
1.35063 0 0;
1.35253 0 0;
1.35436 0 0;
1.35612 0 0;
1.35781 0 0;
1.35943 0 0;
1.36099 0 0;
1.36247 0 0;
1.36388 0 0;
1.36523 0 0;
1.3665 0 0;
1.36771 0 0;
1.36884 0 0;
1.3699 0 0];
