function p = positionsSin
p=zeros(1, 99, 3 );
p(1,:,:) = [ -0.830667 0 0;
-0.819339 0 0;
-0.807685 0 0;
-0.795711 0 0;
-0.783421 0 0;
-0.770819 0 0;
-0.757911 0 0;
-0.744701 0 0;
-0.731195 0 0;
-0.717397 0 0;
-0.703314 0 0;
-0.68895 0 0;
-0.674312 0 0;
-0.659404 0 0;
-0.644234 0 0;
-0.628806 0 0;
-0.613128 0 0;
-0.597204 0 0;
-0.581042 0 0;
-0.564648 0 0;
-0.548028 0 0;
-0.53119 0 0;
-0.514139 0 0;
-0.496882 0 0;
-0.479427 0 0;
-0.46178 0 0;
-0.443949 0 0;
-0.42594 0 0;
-0.407761 0 0;
-0.389419 0 0;
-0.370921 0 0;
-0.352274 0 0;
-0.333487 0 0;
-0.314567 0 0;
-0.29552 0 0;
-0.276356 0 0;
-0.257081 0 0;
-0.237703 0 0;
-0.21823 0 0;
-0.198669 0 0;
-0.17903 0 0;
-0.159318 0 0;
-0.139543 0 0;
-0.119712 0 0;
-0.0998334 0 0;
-0.0799147 0 0;
-0.059964 0 0;
-0.0399893 0 0;
-0.0199987 0 0;
0 0 0;
0.0199987 0 0;
0.0399893 0 0;
0.059964 0 0;
0.0799147 0 0;
0.0998334 0 0;
0.119712 0 0;
0.139543 0 0;
0.159318 0 0;
0.17903 0 0;
0.198669 0 0;
0.21823 0 0;
0.237703 0 0;
0.257081 0 0;
0.276356 0 0;
0.29552 0 0;
0.314567 0 0;
0.333487 0 0;
0.352274 0 0;
0.370921 0 0;
0.389419 0 0;
0.407761 0 0;
0.42594 0 0;
0.443949 0 0;
0.46178 0 0;
0.479427 0 0;
0.496882 0 0;
0.514139 0 0;
0.53119 0 0;
0.548028 0 0;
0.564648 0 0;
0.581042 0 0;
0.597204 0 0;
0.613128 0 0;
0.628806 0 0;
0.644234 0 0;
0.659404 0 0;
0.674312 0 0;
0.68895 0 0;
0.703314 0 0;
0.717397 0 0;
0.731195 0 0;
0.744701 0 0;
0.757911 0 0;
0.770819 0 0;
0.783421 0 0;
0.795711 0 0;
0.807685 0 0;
0.819339 0 0;
0.830667 0 0];
