function p = positionsTaylor3
% h = 5s
p=zeros(1, 9, 3 );
p(1,:,:) = [ 26707.9 -54.8486 -54.8486;
26708 -41.1365 -41.1365;
26708 -27.4244 -27.4244;
26708 -13.7122 -13.7122;
26708 0 0;
26708 13.7122 13.7122;
26707.9 27.4243 27.4243;
26707.9 41.1365 41.1365;
26707.8 54.8486 54.8486];
