function p = possin
p=zeros(59, 4 );
p = [ -0.2 -0.198669 0 0;
-0.15 -0.149438 0 0;
-0.1 -0.0998334 0 0;
-0.05 -0.0499792 0 0;
0 0 0 0;
0.05 0.0498542 0 0;
0.1 0.0994589 0 0;
0.15 0.14869 0 0;
0.2 0.197425 0 0;
0.25 0.246161 0 0;
0.3 0.292619 0 0;
0.35 0.336325 0 0;
0.4 0.376833 0 0;
0.45 0.413725 0 0;
0.5 0.446619 0 0;
0.55 0.475171 0 0;
0.6 0.499079 0 0;
0.65 0.518088 0 0;
0.7 0.531987 0 0;
0.75 0.54062 0 0;
0.8 0.543881 0 0;
0.85 0.541716 0 0;
0.9 0.534126 0 0;
0.95 0.521169 0 0;
1 0.502952 0 0;
1.05 0.479638 0 0;
1.1 0.451441 0 0;
1.15 0.418626 0 0;
1.2 0.381501 0 0;
1.25 0.340424 0 0;
1.3 0.295789 0 0;
1.35 0.248029 0 0;
1.4 0.19761 0 0;
1.45 0.145027 0 0;
1.5 0.0907967 0 0;
1.55 0.0354552 0 0;
1.6 -0.0204483 0 0;
1.65 -0.0763569 0 0;
1.7 -0.131712 0 0;
1.75 -0.185957 0 0;
1.8 -0.238547 0 0;
1.85 -0.288949 0 0;
1.9 -0.336651 0 0;
1.95 -0.381166 0 0;
2 -0.422037 0 0;
2.05 -0.458842 0 0;
2.1 -0.491197 0 0;
2.15 -0.518763 0 0;
2.2 -0.541245 0 0;
2.25 -0.558401 0 0;
2.3 -0.570038 0 0;
2.35 -0.576019 0 0;
2.4 -0.576264 0 0;
2.45 -0.570748 0 0;
2.5 -0.559506 0 0;
2.55 -0.542627 0 0;
2.6 -0.52026 0 0;
2.65 -0.492607 0 0;
2.7 -0.459926 0 0];
