function p = rs2
p=zeros(742, 4 );
p = [ -240 26683.9 657.937 657.937;
-180 26683.9 657.936 657.936;
-120 26683.9 657.935 657.935;
-60 26683.9 657.934 657.934;
0 26708 0 0;
60 26683.9 657.932 657.932;
120 26683.9 657.931 657.931;
180 26683.9 657.93 657.93;
240 26683.9 657.929 657.929;
300 26674.8 822.358 822.358;
360 26661.7 986.647 986.646;
420 26644.6 1150.81 1150.81;
480 26623.5 1314.8 1314.8;
540 26598.4 1478.6 1478.6;
600 26569.2 1642.19 1642.19;
660 26536.1 1805.53 1805.53;
720 26498.9 1968.6 1968.6;
780 26457.7 2131.38 2131.38;
840 26412.4 2293.84 2293.84;
900 26363.2 2455.96 2455.96;
960 26309.9 2617.72 2617.71;
1020 26252.6 2779.07 2779.07;
1080 26191.2 2940.01 2940.01;
1140 26125.9 3100.5 3100.5;
1200 26056.5 3260.52 3260.52;
1260 25983 3420.04 3420.04;
1320 25905.6 3579.04 3579.03;
1380 25824 3737.48 3737.48;
1440 25738.5 3895.35 3895.34;
1500 25648.9 4052.61 4052.6;
1560 25555.2 4209.23 4209.22;
1620 25457.5 4365.2 4365.19;
1680 25355.7 4520.47 4520.46;
1740 25249.8 4675.02 4675.01;
1800 25139.9 4828.83 4828.82;
1860 25025.9 4981.86 4981.85;
1920 24907.8 5134.09 5134.07;
1980 24785.6 5285.48 5285.46;
2040 24659.3 5436 5435.98;
2100 24528.9 5585.62 5585.6;
2160 24394.4 5734.32 5734.29;
2220 24255.8 5882.05 5882.02;
2280 24113 6028.79 6028.76;
2340 23966.2 6174.51 6174.47;
2400 23815.1 6319.16 6319.13;
2460 23660 6462.73 6462.69;
2520 23500.6 6605.16 6605.12;
2580 23337.1 6746.43 6746.39;
2640 23169.4 6886.5 6886.45;
2700 22997.6 7025.34 7025.29;
2760 22821.5 7162.9 7162.85;
2820 22641.2 7299.15 7299.09;
2880 22456.7 7434.06 7433.99;
2940 22268 7567.57 7567.5;
3000 22075.1 7699.65 7699.58;
3060 21877.9 7830.26 7830.18;
3120 21676.4 7959.36 7959.27;
3180 21470.7 8086.9 8086.81;
3240 21260.7 8212.84 8212.74;
3300 21046.4 8337.13 8337.03;
3360 20827.9 8459.73 8459.62;
3420 20605 8580.59 8580.47;
3480 20377.8 8699.66 8699.54;
3540 20146.2 8816.89 8816.76;
3600 19910.3 8932.23 8932.1;
3660 19670.1 9045.63 9045.49;
3720 19425.5 9157.04 9156.89;
3780 19176.5 9266.39 9266.23;
3840 18923.1 9373.63 9373.47;
3900 18665.3 9478.71 9478.54;
3960 18403.1 9581.56 9581.38;
4020 18136.5 9682.13 9681.93;
4080 17865.4 9780.34 9780.13;
4140 17589.9 9876.13 9875.91;
4200 17310 9969.44 9969.21;
4260 17025.6 10060.2 10060;
4320 16736.7 10148.3 10148.1;
4380 16443.3 10233.8 10233.5;
4440 16145.5 10316.4 10316.1;
4500 15843.1 10396.2 10395.9;
4560 15536.3 10473.1 10472.8;
4620 15225 10546.9 10546.6;
4680 14909.1 10617.7 10617.3;
4740 14588.7 10685.2 10684.9;
4800 14263.8 10749.5 10749.1;
4860 13934.4 10810.4 10810;
4920 13600.5 10867.8 10867.4;
4980 13262 10921.6 10921.2;
5040 12919.1 10971.7 10971.3;
5100 12571.6 11018.1 11017.6;
5160 12219.6 11060.5 11060;
5220 11863.2 11098.9 11098.4;
5280 11502.3 11133.1 11132.6;
5340 11136.9 11163.1 11162.5;
5400 10767.1 11188.6 11188.1;
5460 10392.8 11209.6 11209;
5520 10014.2 11225.9 11225.3;
5580 9631.24 11237.4 11236.8;
5640 9243.95 11243.9 11243.3;
5700 8852.39 11245.3 11244.6;
5760 8456.6 11241.3 11240.6;
5820 8056.64 11231.9 11231.1;
5880 7652.58 11216.8 11216;
5940 7244.47 11195.8 11195;
6000 6832.41 11168.9 11168;
6060 6416.48 11135.6 11134.7;
6120 5996.78 11096 11095;
6180 5573.42 11049.6 11048.6;
6240 5146.53 10996.4 10995.4;
6300 4716.25 10936.1 10935;
6360 4282.72 10868.4 10867.2;
6420 3846.12 10793.1 10791.9;
6480 3406.65 10709.9 10708.6;
6540 2964.51 10618.5 10617.2;
6600 2519.94 10518.8 10517.4;
6660 2073.2 10410.3 10408.9;
6720 1624.57 10292.8 10291.3;
6780 1174.38 10166 10164.4;
6840 722.985 10029.5 10027.9;
6900 270.763 9883.08 9881.42;
6960 -181.852 9726.36 9724.62;
7020 -634.385 9559 9557.18;
7080 -1086.31 9380.66 9378.76;
7140 -1537.07 9190.99 9189.01;
7200 -1986.01 8989.65 8987.58;
7260 -2432.45 8776.29 8774.12;
7320 -2875.64 8550.56 8548.29;
7380 -3314.73 8312.14 8309.77;
7440 -3748.83 8060.7 8058.22;
7500 -4176.96 7795.95 7793.36;
7560 -4598.03 7517.62 7514.91;
7620 -5010.91 7225.46 7222.63;
7680 -5414.34 6919.29 6916.32;
7740 -5807 6598.95 6595.85;
7800 -6187.46 6264.36 6261.12;
7860 -6554.22 5915.53 5912.14;
7920 -6905.7 5552.52 5548.99;
7980 -7240.26 5175.53 5171.85;
8040 -7556.19 4784.84 4781;
8100 -7851.78 4380.88 4376.89;
8160 -8125.26 3964.21 3960.06;
8220 -8374.92 3535.52 3531.21;
8280 -8599.08 3095.68 3091.21;
8340 -8796.15 2645.69 2641.07;
8400 -8964.67 2186.7 2181.93;
8460 -9103.32 1720.02 1715.11;
8520 -9210.99 1247.08 1242.04;
8580 -9286.81 769.402 764.245;
8640 -9330.15 288.616 283.355;
8700 -9340.68 -193.608 -198.956;
8760 -9318.35 -675.576 -680.992;
8820 -9263.4 -1155.61 -1161.07;
8880 -9176.35 -1632.06 -1637.55;
8940 -9058.01 -2103.37 -2108.86;
9000 -8909.41 -2568.09 -2573.55;
9060 -8731.78 -3024.86 -3030.27;
9120 -8526.55 -3472.49 -3477.82;
9180 -8295.24 -3909.92 -3915.15;
9240 -8039.51 -4336.25 -4341.35;
9300 -7761.05 -4750.74 -4755.68;
9360 -7461.57 -5152.78 -5157.53;
9420 -7142.8 -5541.91 -5546.45;
9480 -6806.44 -5917.79 -5922.1;
9540 -6454.11 -6280.2 -6284.27;
9600 -6087.41 -6629.03 -6632.83;
9660 -5707.83 -6964.26 -6967.76;
9720 -5316.81 -7285.93 -7289.13;
9780 -4915.67 -7594.17 -7597.04;
9840 -4505.67 -7889.14 -7891.68;
9900 -4087.96 -8171.08 -8173.27;
9960 -3663.62 -8440.23 -8442.05;
10020 -3233.64 -8696.87 -8698.31;
10080 -2798.92 -8941.3 -8942.36;
10140 -2360.3 -9173.85 -9174.52;
10200 -1918.54 -9394.84 -9395.11;
10260 -1474.33 -9604.61 -9604.47;
10320 -1028.31 -9803.49 -9802.94;
10380 -581.045 -9991.81 -9990.85;
10440 -133.063 -10169.9 -10168.5;
10500 315.164 -10338.1 -10336.3;
10560 763.207 -10496.8 -10494.5;
10620 1210.68 -10646.2 -10643.5;
10680 1657.23 -10786.6 -10783.5;
10740 2102.54 -10918.5 -10914.9;
10800 2546.33 -11041.9 -11037.9;
10860 2988.34 -11157.3 -11152.9;
10920 3428.33 -11264.9 -11260;
10980 3866.1 -11364.9 -11359.7;
11040 4301.46 -11457.7 -11452;
11100 4734.24 -11543.4 -11537.3;
11160 5164.29 -11622.3 -11615.7;
11220 5591.47 -11694.6 -11687.6;
11280 6015.67 -11760.6 -11753.2;
11340 6436.77 -11820.4 -11812.5;
11400 6854.68 -11874.2 -11866;
11460 7269.31 -11922.3 -11913.6;
11520 7680.58 -11964.8 -11955.7;
11580 8088.43 -12001.9 -11992.4;
11640 8492.81 -12033.8 -12023.9;
11700 8893.65 -12060.6 -12050.3;
11760 9290.91 -12082.5 -12071.8;
11820 9684.55 -12099.7 -12088.5;
11880 10074.5 -12112.2 -12100.6;
11940 10460.9 -12120.3 -12108.3;
12000 10843.5 -12124 -12111.7;
12060 11222.3 -12123.6 -12110.8;
12120 11597.5 -12119 -12105.9;
12180 11968.9 -12110.5 -12097;
12240 12336.5 -12098.2 -12084.3;
12300 12700.3 -12082.1 -12067.8;
12360 13060.4 -12062.4 -12047.7;
12420 13416.7 -12039.2 -12024.1;
12480 13769.2 -12012.5 -11997.1;
12540 14117.9 -11982.6 -11966.8;
12600 14462.8 -11949.4 -11933.2;
12660 14803.9 -11913 -11896.5;
12720 15141.3 -11873.6 -11856.8;
12780 15474.9 -11831.3 -11814.1;
12840 15804.8 -11786 -11768.4;
12900 16130.9 -11737.9 -11720;
12960 16453.3 -11687.1 -11668.9;
13020 16771.9 -11633.7 -11615.1;
13080 17086.8 -11577.6 -11558.7;
13140 17398 -11519 -11499.7;
13200 17705.6 -11457.9 -11438.3;
13260 18009.4 -11394.5 -11374.6;
13320 18309.6 -11328.7 -11308.5;
13380 18606.1 -11260.6 -11240.1;
13440 18898.9 -11190.3 -11169.5;
13500 19188.2 -11117.9 -11096.7;
13560 19473.8 -11043.3 -11021.9;
13620 19755.8 -10966.7 -10945;
13680 20034.3 -10888.1 -10866.1;
13740 20309.1 -10807.6 -10785.2;
13800 20580.4 -10725.1 -10702.5;
13860 20848.2 -10640.8 -10617.9;
13920 21112.4 -10554.7 -10531.5;
13980 21373.2 -10466.8 -10443.3;
14040 21630.4 -10377.2 -10353.4;
14100 21884.1 -10285.9 -10261.8;
14160 22134.4 -10192.9 -10168.6;
14220 22381.2 -10098.4 -10073.8;
14280 22624.6 -10002.3 -9977.48;
14340 22864.5 -9904.69 -9879.61;
14400 23101.1 -9805.59 -9780.26;
14460 23334.2 -9705.04 -9679.46;
14520 23564 -9603.08 -9577.25;
14580 23790.4 -9499.74 -9473.67;
14640 24013.4 -9395.05 -9368.74;
14700 24233.1 -9289.05 -9262.5;
14760 24449.5 -9181.76 -9154.98;
14820 24662.6 -9073.23 -9046.22;
14880 24872.3 -8963.47 -8936.24;
14940 25078.8 -8852.52 -8825.07;
15000 25282 -8740.42 -8712.74;
15060 25481.9 -8627.17 -8599.28;
15120 25678.6 -8512.82 -8484.72;
15180 25872.1 -8397.4 -8369.09;
