function p = Sat1
p = [ -4918.41 -14599 21607.8;
-3861.24 -15073.2 21500.2;
-2796.66 -15518.4 21351.3;
-1726.73 -15933.9 21161.4;
-653.498 -16318.8 20930.9;
420.973 -16672.5 20660.2;
1494.62 -16994.1 20349.8;
2565.39 -17283.2 20000.5;
3631.23 -17539.2 19612.7;
4690.09 -17761.7 19187.4;
5739.95 -17950.1 18725.3;
6778.81 -18104.2 18227.3;
7804.67 -18223.6 17694.4;
8815.58 -18308.2 17127.6;
9809.61 -18357.8 16528.1;
10784.9 -18372.4 15896.9;
11739.5 -18351.8 15235.3;
12671.7 -18296.2 14544.6;
13579.6 -18205.7 13826.1;
14461.6 -18080.5 13081.1;
15315.9 -17920.7 12311.2;
16141.1 -17726.8 11517.7;
16935.3 -17499.1 10702.2;
17697.3 -17238.1 9866.36;
18425.5 -16944.2 9011.63;
19118.6 -16618.1 8139.7;
19775.1 -16260.3 7252.24;
20394 -15871.6 6350.94;
20974.1 -15452.7 5437.52;
21514.1 -15004.4 4513.72;
22013.2 -14527.5 3581.31;
22470.3 -14023.1 2642.06;
22884.7 -13492 1697.76;
23255.4 -12935.3 750.21;
23581.9 -12354 -198.786;
23863.6 -11749.2 -1147.42;
24099.8 -11122.2 -2093.9;
24290.2 -10474 -3036.4;
24434.3 -9806.01 -3973.16;
24532 -9119.38 -4902.38;
24583.1 -8415.46 -5822.29;
24587.4 -7695.59 -6731.16;
24544.9 -6961.13 -7627.24;
24455.8 -6213.49 -8508.85;
24320.2 -5454.09 -9374.3;
24138.3 -4684.36 -10221.9;
23910.6 -3905.78 -11050.2;
23637.4 -3119.81 -11857.4;
23319.3 -2327.96 -12642.2;
22956.9 -1531.72 -13402.9;
22550.8 -732.619 -14138.1;
22101.8 67.839 -14846.5;
21610.9 868.129 -15526.7;
21078.8 1666.73 -16177.4;
20506.7 2462.13 -16797.4;
19895.6 3252.81 -17385.4;
19246.6 4037.27 -17940.3;
18561.1 4814.02 -18461.2;
17840.2 5581.59 -18947;
17085.5 6338.5 -19396.7;
16298.2 7083.33 -19809.5;
15479.9 7814.66 -20184.6;
14632.1 8531.08 -20521.3;
13756.5 9231.25 -20819;
12854.7 9913.81 -21077;
11928.4 10577.5 -21294.9;
10979.4 11221 -21472.2;
10009.5 11843.1 -21608.6;
9020.56 12442.6 -21703.8;
8014.41 13018.4 -21757.7;
6992.98 13569.3 -21770;
5958.23 14094.4 -21740.9;
4912.12 14592.6 -21670.2;
3856.65 15062.9 -21558.2;
2793.83 15504.4 -21405;
1725.7 15916.4 -21211;
654.274 16297.9 -20976.4;
-418.382 16648.3 -20701.7;
-1490.22 16966.9 -20387.5;
-2559.2 17253 -20034.2;
-3623.26 17506.2 -19642.7;
-4680.38 17725.9 -19213.5;
-5728.52 17911.6 -18747.6;
-6765.67 18063.1 -18245.7;
-7789.85 18180 -17708.9;
-8799.09 18262.1 -17138.2;
-9791.45 18309.2 -16534.6;
-10765 18321.2 -15899.3;
-11717.9 18298.1 -15233.6;
-12648.4 18240 -14538.5;
-13554.5 18146.8 -13815.6;
-14434.6 18018.9 -13066.1;
-15286.9 17856.4 -12291.6;
-16109.9 17659.6 -11493.4;
-16902 17428.9 -10673.1;
-17661.5 17164.8 -9832.36;
-18387.1 16867.7 -8972.66;
-19077.3 16538.1 -8095.7;
-19730.8 16176.9 -7203.16;
-20346.3 15784.5 -6296.75;
-20922.7 15361.8 -5378.21;
-21458.8 14909.5 -4449.32;
-21953.6 14428.6 -3511.84;
-22406.1 13920 -2567.59;
-22815.5 13384.5 -1618.39;
-23180.9 12823.4 -666.057;
-23501.7 12237.5 287.57;
-23777.2 11628.1 1240.66;
-24006.8 10996.4 2191.36;
-24190.2 10343.4 3137.86;
-24327 9670.62 4078.32;
-24416.9 8979.19 5010.94;
-24459.7 8270.49 5933.91;
-24455.4 7545.87 6845.45;
-24404 6806.73 7743.82;
-24305.5 6054.5 8627.26;
-24160.2 5290.63 9494.1;
-23968.2 4516.58 10342.6;
-23730.1 3733.85 11171.3;
-23446.3 2943.95 11978.4;
-23117.3 2148.39 12762.4;
-22743.7 1348.72 13521.8;
-22326.3 546.466 14255.2;
-21865.9 -256.819 14961.2;
-21363.3 -1059.59 15638.3;
-20819.7 -1860.3 16285.4;
-20235.9 -2657.42 16901;
-19613.1 -3449.4 17484.2;
-18952.6 -4234.72 18033.7;
-18255.6 -5011.88 18548.4;
-17523.5 -5779.38 19027.5;
-16757.6 -6535.74 19470;
-15959.5 -7279.52 19875.1;
-15130.7 -8009.28 20241.9;
-14272.8 -8723.63 20569.9;
-13387.5 -9421.2 20858.3;
-12476.4 -10100.7 21106.6;
-11541.4 -10760.7 21314.3;
-10584.2 -11400 21481.2;
-9606.62 -12017.5 21606.8;
-8610.62 -12611.9 21690.9;
-7598.09 -13182 21733.4;
-6570.97 -13726.9 21734.3;
-5531.24 -14245.4 21693.4;
-4480.89 -14736.6 21611;
-3421.94 -15199.5 21487.1;
-2356.42 -15633.3 21322.1;
-1286.38 -16037.1 21116.2;
-213.853 -16410.2 20870;
859.093 -16751.9 20583.7;
1930.41 -17061.5 20258.1;
2998.05 -17338.4 19893.8;
4059.98 -17582.2 19491.4;
5114.16 -17792.3 19051.8;
6158.58 -17968.5 18575.7;
7191.25 -18110.2 18064.2;
8210.21 -18217.4 17518.2;
9213.52 -18289.7 16938.7;
10199.3 -18327.1 16326.9;
11165.5 -18329.5 15684;
12110.6 -18296.9 15011.2;
13032.5 -18229.4 14309.7;
13929.6 -18127.1 13581;
14800.2 -17990.2 12826.4;
15642.6 -17819.1 12047.4;
16455.3 -17613.9 11245.5;
17236.6 -17375.2 10422.1;
17985.1 -17103.3 9578.91;
18699.4 -16798.9 8717.51;
19378.2 -16462.4 7839.52;
20020.1 -16094.6 6946.64;
20623.9 -15696.1 6040.56;
21188.5 -15267.8 5123;
21712.9 -14810.3 4195.73;
22196 -14324.7 3260.49;
22637 -13811.8 2319.07;
23034.9 -13272.6 1373.26;
23389.1 -12708.2 424.863;
23698.9 -12119.5 -524.324;
23963.7 -11507.8 -1472.5;
24183 -10874.2 -2417.85;
24356.3 -10219.9 -3358.59;
24483.5 -9546.12 -4292.94;
24564.1 -8854.18 -5219.11;
24598.1 -8145.38 -6135.35;
24585.5 -7421.07 -7039.92;
24526.1 -6682.62 -7931.1;
24420.2 -5931.44 -8807.19;
24268 -5168.96 -9666.55;
24069.7 -4396.61 -10507.5;
23825.7 -3615.87 -11328.5;
23536.4 -2828.23 -12128;
23202.5 -2035.17 -12904.4;
22824.5 -1238.2 -13656.3;
22403.2 -438.844 -14382.2;
21939.3 361.386 -15080.8;
21433.8 1160.97 -15750.7;
20887.5 1958.38 -16390.7;
20301.6 2752.11 -16999.5;
19677.1 3540.64 -17575.9;
19015.1 4322.48 -18119;
18317 5096.12 -18627.5;
17584.1 5860.11 -19100.6;
16817.8 6612.98 -19537.4;
16019.4 7353.3 -19937;
15190.6 8079.65 -20298.6;
14332.8 8790.65 -20621.6;
13447.8 9484.93 -20905.3;
12537.1 10161.2 -21149.2;
11602.6 10818.1 -21352.7;
10645.9 11454.4 -21515.6;
9668.94 12068.9 -21637.5;
8673.54 12660.4 -21718;
7661.58 13227.7 -21757.2;
6634.99 13769.9 -21754.8;
5595.74 14285.7 -21710.9;
4545.79 14774.3 -21625.5;
3487.14 15234.7 -21498.8;
2421.82 15666 -21331.1;
1351.86 16067.3 -21122.5;
279.293 16438 -20873.6;
-793.818 16777.2 -20584.8;
-1865.43 17084.3 -20256.5;
-2933.48 17358.6 -19889.5;
-3995.94 17599.8 -19484.4;
-5050.76 17807.2 -19042;
-6095.92 17980.5 -18563.1;
-7129.41 18119.3 -18048.6;
-8149.25 18223.4 -17499.5;
-9153.48 18292.5 -16916.9;
-10140.2 18326.5 -16301.8;
-11107.4 18325.3 -15655.3;
-12053.3 18288.9 -14978.9;
-12976.1 18217.3 -14273.6;
-13874 18110.7 -13541;
-14745.2 17969.3 -12782.3;
-15588.2 17793.3 -11999;
-16401.1 17583 -11192.7;
-17182.5 17338.9 -10364.8;
-17930.8 17061.4 -9517.04;
-18644.7 16751.1 -8650.92;
-19322.6 16408.4 -7768.15;
-19963.4 16034.1 -6870.43;
-20565.7 15628.9 -5959.47;
-21128.4 15193.6 -5037.04;
-21650.4 14728.9 -4104.91;
-22130.7 14235.8 -3164.88;
-22568.2 13715.3 -2218.76;
-22962.3 13168.2 -1268.36;
-23312.1 12595.7 -315.531;
-23616.9 11998.9 637.895;
-23876.2 11378.9 1590.08;
-24089.4 10736.9 2539.18;
-24256.1 10074.2 3483.37;
-24376 9391.94 4420.81;
-24448.8 8691.56 5349.71;
-24474.4 7974.38 6268.26;
-24452.8 7241.77 7174.7;
-24384 6495.15 8067.26;
-24268.1 5735.96 8944.23;
-24105.3 4965.68 9803.91;
-23896 4185.78 10644.6;
-23640.6 3397.77 11464.8;
-23339.5 2603.19 12262.8;
-22993.3 1803.55 13037.1;
-22602.8 1000.42 13786.2;
-22168.6 195.327 14508.7;
-21691.7 -610.157 15203.2;
-21172.9 -1414.48 15868.3;
-20613.2 -2216.09 16502.7;
-20013.8 -3013.45 17105.3;
-19375.7 -3805 17674.9;
-18700.3 -4589.24 18210.3;
-17988.8 -5364.63 18710.6;
-17242.7 -6129.7 19174.8;
-16463.3 -6882.96 19602;
-15652.1 -7622.97 19991.5;
-14810.8 -8348.31 20342.3;
-13941 -9057.58 20654;
-13044.4 -9749.41 20925.8;
-12122.6 -10422.5 21157.4;
-11177.5 -11075.5 21348.2;
-10210.9 -11707.2 21497.8;
-9224.69 -12316.4 21606.1;
-8220.73 -12902 21672.8;
-7200.96 -13462.7 21697.9;
-6167.37 -13997.6 21681.1;
-5121.93 -14505.6 21622.7];
