function p = Sat1
p = [ -17305.7 17918.5 -9663.59;
-18050.4 17632.3 -8827.63;
-18761 17313 -7975.06;
-19436.5 16961.2 -7107.51;
-20075.5 16577.6 -6226.62;
-20677 16163 -5334.06;
-21239.7 15718.2 -4431.51;
-21762.8 15244.1 -3520.68;
-22245.3 14741.6 -2603.27;
-22686.3 14211.6 -1680.99;
-23085.2 13655.3 -755.571;
-23441.1 13073.6 171.264;
-23753.4 12467.6 1097.79;
-24021.7 11838.5 2022.3;
-24245.4 11187.5 2943.07;
-24424.3 10515.8 3858.4;
-24557.9 9824.67 4766.59;
-24646 9115.39 5665.99;
-24688.7 8389.3 6554.92;
-24685.7 7647.74 7431.75;
-24637.1 6892.08 8294.87;
-24543 6123.73 9142.68;
-24403.6 5344.11 9973.64;
-24219.2 4554.66 10786.2;
-23990.2 3756.83 11578.9;
-23716.9 2952.11 12350.2;
-23399.9 2141.97 13098.8;
-23039.7 1327.91 13823.2;
-22637 511.429 14522.2;
-22192.6 -305.973 15194.4;
-21707.3 -1122.78 15838.5;
-21181.9 -1937.5 16453.4;
-20617.4 -2748.62 17038;
-20014.9 -3554.64 17591.1;
-19375.3 -4354.07 18111.7;
-18700 -5145.43 18598.9;
-17990.1 -5927.26 19051.6;
-17246.9 -6698.1 19469.1;
-16471.7 -7456.51 19850.5;
-15666.1 -8201.09 20195.2;
-14831.3 -8930.44 20502.3;
-13969.1 -9643.19 20771.4;
-13080.9 -10338 21001.9;
-12168.3 -11013.6 21193.2;
-11233.1 -11668.6 21345.1;
-10277 -12301.9 21457.2;
-9301.69 -12912.2 21529.2;
-8309.01 -13498.4 21561;
-7300.78 -14059.2 21552.4;
-6278.89 -14593.8 21503.4;
-5245.23 -15100.9 21414;
-4201.73 -15579.7 21284.3;
-3150.34 -16029.1 21114.6;
-2093.03 -16448.3 20905.1;
-1031.79 -16836.5 20656;
31.3853 -17192.9 20367.9;
1094.48 -17516.7 20041.2;
2155.47 -17807.2 19676.5;
3212.34 -18064 19274.3;
4263.08 -18286.4 18835.5;
5305.67 -18473.9 18360.7;
6338.09 -18626.2 17850.9;
7358.37 -18742.9 17306.9;
8364.53 -18823.7 16729.7;
9354.61 -18868.4 16120.4;
10326.7 -18876.9 15480.1;
11278.8 -18849 14809.9;
12209.2 -18784.8 14111.2;
13116 -18684.3 13385.2;
13997.3 -18547.8 12633.2;
14851.5 -18375.3 11856.8;
15676.9 -18167.2 11057.3;
16471.7 -17923.7 10236.3;
17234.4 -17645.5 9395.34;
17963.5 -17332.8 8536.05;
18657.5 -16986.4 7660.06;
19315 -16606.7 6769.07;
19934.6 -16194.6 5864.8;
20515.2 -15750.8 4949.01;
21055.4 -15276.1 4023.48;
21554.1 -14771.3 3090.01;
22010.5 -14237.6 2150.45;
22423.4 -13675.9 1206.62;
22792.1 -13087.2 260.397;
23115.8 -12472.7 -686.364;
23393.7 -11833.6 -1631.79;
23625.4 -11171.1 -2574.01;
23810.2 -10486.6 -3511.15;
23947.9 -9781.34 -4441.35;
24038.1 -9056.73 -5362.77;
24080.5 -8314.19 -6273.57;
24075.2 -7555.19 -7171.94;
24022 -6781.23 -8056.08;
23921.1 -5993.84 -8924.24;
23772.7 -5194.58 -9774.68;
23576.9 -4385.03 -10605.7;
23334.3 -3566.81 -11415.7;
23045.3 -2741.53 -12203;
22710.5 -1910.84 -12966;
22330.5 -1076.38 -13703.3;
21906.1 -239.824 -14413.3;
21438.1 597.176 -15094.7;
20927.6 1432.96 -15746.2;
20375.5 2265.86 -16366.4;
19782.9 3094.23 -16954.1;
19151.1 3916.43 -17508.2;
18481.2 4730.84 -18027.6;
17774.8 5535.85 -18511.3;
17033.2 6329.87 -18958.3;
16257.8 7111.33 -19367.9;
15450.3 7878.72 -19739.1;
14612.3 8630.52 -20071.4;
13745.5 9365.27 -20364.1;
12851.5 10081.5 -20616.7;
11932.3 10777.9 -20828.7;
10989.6 11453.1 -20999.7;
10025.3 12105.8 -21129.5;
9041.3 12734.7 -21217.9;
8039.61 13338.6 -21264.7;
7022.18 13916.5 -21269.9;
5991.03 14467.1 -21233.6;
4948.19 14989.5 -21155.9;
3895.7 15482.7 -21037;
2835.63 15945.7 -20877.1;
1770.05 16377.8 -20676.7;
701.028 16778.1 -20436.3;
-369.357 17145.9 -20156.2;
-1439.04 17480.5 -19837.3;
-2505.94 17781.4 -19480;
-3568.03 18048.1 -19085.3;
-4623.27 18280 -18653.8;
-5669.64 18476.8 -18186.6;
-6705.15 18638.2 -17684.4;
-7727.84 18763.9 -17148.5;
-8735.77 18853.7 -16579.8;
-9727.06 18907.6 -15979.5;
-10699.8 18925.4 -15348.7;
-11652.3 18907.3 -14688.8;
-12582.6 18853.3 -14001.1;
-13489.1 18763.5 -13286.8;
-14370.2 18638.2 -12547.4;
-15224 18477.8 -11784.3;
-16049.2 18282.4 -10999;
-16844.2 18052.6 -10193;
-17607.6 17788.9 -9367.78;
-18337.8 17491.7 -8525.04;
-19033.8 17161.7 -7666.32;
-19694.1 16799.6 -6793.26;
-20317.6 16406.1 -5907.52;
-20903.2 15981.9 -5010.75;
-21449.8 15527.9 -4104.65;
-21956.5 15044.9 -3190.92;
-22422.4 14533.9 -2271.26;
-22846.6 13995.9 -1347.39;
-23228.4 13431.9 -421.033;
-23567.2 12843 506.093;
-23862.3 12230.2 1432.27;
-24113.3 11594.8 2355.78;
-24319.6 10937.9 3274.93;
-24481.1 10260.8 4188;
-24597.3 9564.71 5093.34;
-24668.2 8850.93 5989.25;
-24693.6 8120.8 6874.11;
-24673.4 7375.66 7746.28;
-24607.8 6616.91 8604.16;
-24496.9 5845.94 9446.18;
-24340.9 5064.17 10270.8;
-24140 4273.05 11076.5;
-23894.7 3474.04 11861.7;
-23605.5 2668.61 12625.2;
-23272.8 1858.24 13365.3;
-22897.3 1044.42 14080.9;
-22479.6 228.656 14770.5;
-22020.5 -587.557 15432.9;
-21520.9 -1402.71 16066.9;
-20981.6 -2215.31 16671.2;
-20403.6 -3023.84 17244.8;
-19788 -3826.82 17786.6;
-19135.9 -4622.75 18295.5;
-18448.4 -5410.17 18770.7;
-17726.9 -6187.62 19211.1;
-16972.6 -6953.64 19616;
-16186.8 -7706.81 19984.6;
-15371.1 -8445.71 20316.2;
-14526.9 -9168.98 20610.1;
-13655.7 -9875.24 20865.8;
-12759.1 -10563.2 21082.6;
-11838.8 -11231.4 21260.3;
-10896.4 -11878.8 21398.3;
-9933.72 -12504.1 21496.4;
-8952.46 -13106 21554.5;
-7954.46 -13683.4 21572.2;
-6941.55 -14235.2 21549.5;
-5915.62 -14760.3 21486.4;
-4878.57 -15257.7 21383;
-3832.33 -15726.4 21239.4;
-2778.86 -16165.6 21055.8;
-1720.12 -16574.2 20832.5;
-658.124 -16951.5 20569.9;
405.142 -17296.7 20268.3;
1467.66 -17609.1 19928.4;
2527.42 -17888.2 19550.6;
3582.39 -18133.1 19135.6;
4630.56 -18343.6 18684.2;
5669.93 -18519 18197.2;
6698.48 -18659 17675.4;
7714.23 -18763.3 17119.8;
8715.22 -18831.5 16531.3;
9699.5 -18863.6 15911.1;
10665.1 -18859.4 15260.3;
11610.2 -18818.7 14580.1;
12533 -18741.7 13871.8;
13431.5 -18628.5 13136.7;
14304 -18479.1 12376.1;
15148.8 -18293.8 11591.5;
15964.1 -18072.9 10784.4;
16748.5 -17816.9 9956.29;
17500.2 -17526 9108.81;
18217.7 -17200.9 8243.57;
18899.7 -16842.1 7362.22;
19544.7 -16450.3 6466.47;
20151.4 -16026.2 5558.06;
20718.5 -15570.6 4638.76;
21244.9 -15084.4 3710.35;
21729.5 -14568.4 2774.65;
22171.4 -14023.6 1833.51;
22569.5 -13451.1 888.772;
22923 -12852 -57.7021;
23231.2 -12227.5 -1004.04;
23493.5 -11578.7 -1948.37;
23709.2 -10906.9 -2888.82;
23878 -10213.5 -3823.51;
23999.4 -9499.71 -4750.6;
24073.1 -8767.05 -5668.23;
24099.1 -8016.93 -6574.57;
24077.1 -7250.84 -7467.82;
24007.3 -6470.28 -8346.2;
23889.8 -5676.81 -9207.94;
23724.7 -4871.99 -10051.3;
23512.4 -4057.45 -10874.7;
23253.3 -3234.78 -11676.4;
22947.9 -2405.64 -12454.8;
22596.8 -1571.66 -13208.4;
22200.8 -734.527 -13935.6;
21760.5 104.107 -14635.1;
21277 942.568 -15305.4;
20751.2 1779.19 -15945.3;
20184 2612.3 -16553.4;
19576.8 3440.25 -17128.6;
18930.7 4261.39 -17669.7;
18246.9 5074.11 -18175.7;
17527 5876.78 -18645.6;
16772.3 6667.82 -19078.5;
15984.4 7445.68 -19473.6;
15164.9 8208.82 -19830.1;
14315.4 8955.75 -20147.3;
13437.5 9685 -20424.7;
12533.2 10395.2 -20661.8;
11604.2 11084.9 -20858.1;
10652.3 11752.7 -21013.3;
9679.46 12397.5 -21127.2;
8687.62 13018 -21199.5;
7678.74 13612.9 -21230.2;
6654.81 14181.1 -21219.3;
5617.87 14721.7 -21166.8;
4569.97 15233.5 -21073;
3513.15 15715.6 -20938;
2449.49 16167.1 -20762.2;
1381.08 16587.2 -20546.1;
309.984 16975 -20290;
-761.702 17330 -19994.5;
-1831.91 17651.5 -19660.4;
-2898.57 17938.8 -19288.2;
-3959.63 18191.6 -18878.8;
-5013.06 18409.3 -18433;
-6056.84 18591.7 -17951.7;
-7088.98 18738.4 -17436;
-8107.54 18849.2 -16886.8;
-9110.57 18923.9 -16305.3;
-10096.2 18962.5 -15692.6;
-11062.6 18965 -15050;
-12007.8 18931.3 -14378.7;
-12930.3 18861.8 -13680.1;
-13828.2 18756.4 -12955.5;
-14699.9 18615.5 -12206.3;
-15543.8 18439.4 -11434.1;
-16358.3 18228.6 -10640.2;
-17142 17983.3 -9826.2;
];