function p = uncorrected_vs
p=zeros(11, 3 );
p = [ 0.980067 0 0;
0.988771 0 0;
0.995004 0 0;
0.99875 0 0;
1 0 0;
0.99875 0 0;
0.995004 0 0;
0.988771 0 0;
0.978445 0 0;
0.968962 0 0;
0.921957 0 0];
