function p = uncorrected_rs
p=zeros(11, 3 );
p = [ -0.198669 0 0;
-0.149438 0 0;
-0.0998334 0 0;
-0.0499792 0 0;
0 0 0;
0.0498542 0 0;
0.0994589 0 0;
0.14869 0 0;
0.197425 0 0;
0.246161 0 0;
0.292618 0 0];
