function p = vel
p=zeros(1, 59, 3 );
p(1,:,:) = [ 0.980067 0 0;
0.988771 0 0;
0.995004 0 0;
0.99875 0 0;
1 0 0;
0.99875 0 0;
0.995004 0 0;
0.988771 0 0;
0.978445 0 0;
0.935709 0 0;
0.881831 0 0;
0.818937 0 0;
0.747621 0 0;
0.668565 0 0;
0.582531 0 0;
0.490352 0 0;
0.392927 0 0;
0.29121 0 0;
0.186203 0 0;
0.0789418 0 0;
-0.0295083 0 0;
-0.138068 0 0;
-0.245652 0 0;
-0.351182 0 0;
-0.453594 0 0;
-0.551853 0 0;
-0.644961 0 0;
-0.731967 0 0;
-0.81198 0 0;
-0.884172 0 0;
-0.947794 0 0;
-1.00218 0 0;
-1.04674 0 0;
-1.081 0 0;
-1.10459 0 0;
-1.11721 0 0;
-1.11871 0 0;
-1.10903 0 0;
-1.08822 0 0;
-1.05646 0 0;
-1.01401 0 0;
-0.961257 0 0;
-0.898697 0 0;
-0.826915 0 0;
-0.746595 0 0;
-0.658507 0 0;
-0.563503 0 0;
-0.462507 0 0;
-0.356507 0 0;
-0.246542 0 0;
-0.133698 0 0;
-0.0190924 0 0;
0.0961359 0 0;
0.210837 0 0;
0.323862 0 0;
0.434076 0 0;
0.540364 0 0;
0.641651 0 0;
0.736904 0 0];
