function p = velVector
p=zeros(1, 1009, 3 );
p(1,:,:) = [ 0.0335298 2.74233 2.74233;
0.0251475 2.74238 2.74238;
0.016765 2.74241 2.74241;
0.00838254 2.74243 2.74243;
0 2.74244 2.74244;
-0.00838254 2.74243 2.74243;
-0.016765 2.74241 2.74241;
-0.0251475 2.74238 2.74238;
-0.0280908 2.74232 2.74232;
-0.0616206 2.7421 2.7421;
-0.0951501 2.74182 2.74182;
-0.12868 2.74148 2.74148;
-0.162211 2.74109 2.74109;
-0.195744 2.74065 2.74065;
-0.22928 2.74016 2.74016;
-0.26282 2.73962 2.73962;
-0.296364 2.73903 2.73903;
-0.329913 2.73838 2.73838;
-0.363468 2.73768 2.73768;
-0.39703 2.73693 2.73693;
-0.430599 2.73613 2.73613;
-0.464177 2.73528 2.73528;
-0.497764 2.73437 2.73437;
-0.531361 2.73341 2.73341;
-0.564968 2.7324 2.7324;
-0.598587 2.73134 2.73134;
-0.632218 2.73022 2.73022;
-0.665863 2.72905 2.72905;
-0.699521 2.72783 2.72783;
-0.733194 2.72656 2.72656;
-0.766882 2.72523 2.72523;
-0.800587 2.72385 2.72385;
-0.834309 2.72242 2.72242;
-0.868048 2.72093 2.72093;
-0.901807 2.71939 2.71939;
-0.935585 2.7178 2.71779;
-0.969383 2.71615 2.71615;
-1.0032 2.71445 2.71445;
-1.03704 2.71269 2.71269;
-1.07091 2.71088 2.71088;
-1.1048 2.70902 2.70901;
-1.13871 2.7071 2.7071;
-1.17265 2.70513 2.70512;
-1.20661 2.7031 2.70309;
-1.2406 2.70101 2.70101;
-1.27462 2.69887 2.69887;
-1.30867 2.69668 2.69667;
-1.34275 2.69443 2.69442;
-1.37685 2.69212 2.69211;
-1.41099 2.68976 2.68975;
-1.44516 2.68734 2.68733;
-1.47937 2.68486 2.68485;
-1.5136 2.68232 2.68232;
-1.54788 2.67973 2.67972;
-1.58219 2.67708 2.67707;
-1.61653 2.67438 2.67437;
-1.65091 2.67161 2.6716;
-1.68533 2.66879 2.66878;
-1.71979 2.6659 2.66589;
-1.75429 2.66296 2.66295;
-1.78883 2.65996 2.65995;
-1.82341 2.6569 2.65688;
-1.85804 2.65377 2.65376;
-1.89271 2.65059 2.65058;
-1.92742 2.64735 2.64733;
-1.96218 2.64404 2.64403;
-1.99699 2.64068 2.64066;
-2.03184 2.63725 2.63723;
-2.06674 2.63376 2.63374;
-2.10169 2.63021 2.63019;
-2.13669 2.62659 2.62657;
-2.17175 2.62291 2.62289;
-2.20685 2.61916 2.61915;
-2.24201 2.61536 2.61534;
-2.27722 2.61148 2.61146;
-2.31249 2.60754 2.60753;
-2.34782 2.60354 2.60352;
-2.3832 2.59947 2.59945;
-2.41864 2.59533 2.59531;
-2.45414 2.59113 2.59111;
-2.4897 2.58685 2.58683;
-2.52532 2.58251 2.58249;
-2.56101 2.5781 2.57808;
-2.59676 2.57363 2.5736;
-2.63257 2.56908 2.56905;
-2.66845 2.56446 2.56443;
-2.7044 2.55977 2.55974;
-2.74041 2.55501 2.55498;
-2.7765 2.55017 2.55015;
-2.81265 2.54527 2.54524;
-2.84888 2.54029 2.54026;
-2.88517 2.53523 2.5352;
-2.92155 2.5301 2.53007;
-2.95799 2.5249 2.52487;
-2.99452 2.51962 2.51959;
-3.03112 2.51426 2.51423;
-3.0678 2.50883 2.5088;
-3.10455 2.50332 2.50328;
-3.14139 2.49773 2.49769;
-3.17832 2.49206 2.49202;
-3.21532 2.48631 2.48627;
-3.25241 2.48048 2.48044;
-3.28959 2.47456 2.47453;
-3.32685 2.46857 2.46853;
-3.36421 2.46249 2.46245;
-3.40165 2.45633 2.45628;
-3.43918 2.45008 2.45004;
-3.47681 2.44374 2.4437;
-3.51453 2.43732 2.43728;
-3.55235 2.43081 2.43077;
-3.59026 2.42422 2.42417;
-3.62827 2.41753 2.41748;
-3.66638 2.41075 2.4107;
-3.70459 2.40388 2.40383;
-3.74291 2.39692 2.39687;
-3.78133 2.38986 2.38981;
-3.81985 2.38271 2.38266;
-3.85848 2.37547 2.37541;
-3.89722 2.36812 2.36807;
-3.93607 2.36068 2.36063;
-3.97504 2.35314 2.35309;
-4.01411 2.3455 2.34545;
-4.0533 2.33776 2.3377;
-4.09261 2.32992 2.32986;
-4.13203 2.32197 2.32191;
-4.17158 2.31392 2.31386;
-4.21124 2.30576 2.3057;
-4.25103 2.2975 2.29743;
-4.29095 2.28912 2.28905;
-4.33099 2.28064 2.28057;
-4.37116 2.27204 2.27197;
-4.41146 2.26333 2.26326;
-4.45189 2.25451 2.25443;
-4.49246 2.24557 2.24549;
-4.53316 2.23651 2.23643;
-4.574 2.22733 2.22725;
-4.61498 2.21803 2.21795;
-4.65611 2.20862 2.20853;
-4.69737 2.19907 2.19899;
-4.73878 2.1894 2.18932;
-4.78034 2.17961 2.17952;
-4.82205 2.16968 2.1696;
-4.86391 2.15963 2.15954;
-4.90592 2.14944 2.14935;
-4.94809 2.13912 2.13902;
-4.99042 2.12866 2.12856;
-5.03291 2.11806 2.11796;
-5.07557 2.10732 2.10722;
-5.11838 2.09644 2.09634;
-5.16137 2.08542 2.08532;
-5.20452 2.07425 2.07414;
-5.24785 2.06293 2.06282;
-5.29135 2.05146 2.05135;
-5.33503 2.03983 2.03972;
-5.37889 2.02805 2.02794;
-5.42292 2.01612 2.016;
-5.46715 2.00402 2.0039;
-5.51156 1.99176 1.99164;
-5.55616 1.97933 1.97921;
-5.60095 1.96673 1.96661;
-5.64594 1.95397 1.95384;
-5.69113 1.94103 1.9409;
-5.73652 1.92791 1.92778;
-5.78211 1.91462 1.91448;
-5.82791 1.90114 1.901;
-5.87392 1.88748 1.88734;
-5.92014 1.87363 1.87348;
-5.96657 1.85958 1.85944;
-6.01323 1.84534 1.8452;
-6.06011 1.83091 1.83076;
-6.10721 1.81627 1.81612;
-6.15454 1.80143 1.80127;
-6.2021 1.78637 1.78621;
-6.2499 1.77111 1.77095;
-6.29793 1.75563 1.75546;
-6.34621 1.73992 1.73976;
-6.39473 1.724 1.72383;
-6.44351 1.70784 1.70767;
-6.49253 1.69146 1.69128;
-6.54182 1.67483 1.67465;
-6.59136 1.65797 1.65778;
-6.64116 1.64086 1.64067;
-6.69124 1.62349 1.6233;
-6.74159 1.60588 1.60568;
-6.79221 1.588 1.5878;
-6.84312 1.56985 1.56965;
-6.8943 1.55144 1.55123;
-6.94578 1.53275 1.53254;
-6.99755 1.51378 1.51356;
-7.04962 1.49452 1.4943;
-7.10199 1.47496 1.47474;
-7.15467 1.45511 1.45488;
-7.20766 1.43495 1.43472;
-7.26097 1.41448 1.41425;
-7.31459 1.3937 1.39345;
-7.36855 1.37258 1.37234;
-7.42283 1.35114 1.35089;
-7.47745 1.32935 1.3291;
-7.53242 1.30722 1.30696;
-7.58773 1.28474 1.28447;
-7.64339 1.26189 1.26161;
-7.69941 1.23867 1.23839;
-7.75579 1.21507 1.21479;
-7.81255 1.19109 1.1908;
-7.86968 1.16671 1.16641;
-7.92719 1.14192 1.14162;
-7.98508 1.11672 1.11641;
-8.04337 1.09109 1.09078;
-8.10206 1.06503 1.06471;
-8.16116 1.03853 1.0382;
-8.22067 1.01157 1.01123;
-8.28059 0.984139 0.983798;
-8.34095 0.956232 0.955883;
-8.40173 0.927834 0.927478;
-8.46296 0.898933 0.89857;
-8.52463 0.869517 0.869145;
-8.58676 0.839572 0.839192;
-8.64935 0.809084 0.808696;
-8.7124 0.778039 0.777643;
-8.77594 0.746423 0.746018;
-8.83996 0.714221 0.713806;
-8.90447 0.681416 0.680992;
-8.96948 0.647992 0.647558;
-9.035 0.613932 0.613489;
-9.10103 0.579219 0.578765;
-9.1676 0.543834 0.54337;
-9.23469 0.507759 0.507284;
-9.30233 0.470974 0.470488;
-9.37052 0.433457 0.43296;
-9.43927 0.395189 0.394679;
-9.50859 0.356146 0.355624;
-9.57848 0.316306 0.315772;
-9.64897 0.275645 0.275098;
-9.72005 0.234138 0.233577;
-9.79173 0.191758 0.191183;
-9.86404 0.14848 0.14789;
-9.93697 0.104273 0.103669;
-10.0105 0.0591102 0.0584902;
-10.0847 0.0129594 0.0123234;
-10.1596 -0.034211 -0.0348637;
-10.2351 -0.0824346 -0.0831044;
-10.3113 -0.131746 -0.132434;
-10.3882 -0.182182 -0.182888;
-10.4658 -0.233781 -0.234506;
-10.5441 -0.286583 -0.287328;
-10.6231 -0.340629 -0.341394;
-10.7028 -0.395963 -0.39675;
-10.7833 -0.452631 -0.453441;
-10.8644 -0.510681 -0.511514;
-10.9464 -0.570164 -0.571021;
-11.0291 -0.631132 -0.632014;
-11.1126 -0.69364 -0.694549;
-11.1968 -0.757748 -0.758684;
-11.2818 -0.823516 -0.824481;
-11.3676 -0.891009 -0.892003;
-11.4542 -0.960293 -0.961319;
-11.5416 -1.03144 -1.0325;
-11.6298 -1.10453 -1.10562;
-11.7188 -1.17963 -1.18076;
-11.8087 -1.25684 -1.258;
-11.8993 -1.33623 -1.33744;
-11.9907 -1.41791 -1.41916;
-12.0829 -1.50197 -1.50326;
-12.1759 -1.58851 -1.58985;
-12.2697 -1.67765 -1.67903;
-12.3643 -1.76949 -1.77093;
-12.4597 -1.86417 -1.86566;
-12.5558 -1.96182 -1.96336;
-12.6526 -2.06256 -2.06416;
-12.7501 -2.16656 -2.16822;
-12.8482 -2.27396 -2.27568;
-12.947 -2.38493 -2.38672;
-13.0464 -2.49964 -2.50151;
-13.1463 -2.6183 -2.62024;
-13.2466 -2.74109 -2.74311;
-13.3474 -2.86822 -2.87034;
-13.4484 -2.99993 -3.00214;
-13.5497 -3.13646 -3.13876;
-13.6511 -3.27806 -3.28047;
-13.7524 -3.42501 -3.42754;
-13.8536 -3.57761 -3.58026;
-13.9544 -3.73617 -3.73894;
-14.0546 -3.90103 -3.90394;
-14.1542 -4.07255 -4.07561;
-14.2526 -4.25111 -4.25433;
-14.3498 -4.43714 -4.44053;
-14.4453 -4.63106 -4.63464;
-14.5388 -4.83336 -4.83713;
-14.6298 -5.04454 -5.04852;
-14.7178 -5.26513 -5.26935;
-14.8022 -5.49573 -5.5002;
-14.8823 -5.73693 -5.74167;
-14.9574 -5.9894 -5.99444;
-15.0266 -6.25383 -6.25919;
-15.0888 -6.53096 -6.53667;
-15.1428 -6.82155 -6.82764;
-15.1873 -7.12642 -7.13293;
-15.2208 -7.44642 -7.45339;
