function p = vs
p=zeros(1009, 3 );
p = [ 0.0223533 2.74239 2.74239;
0.016765 2.74241 2.74241;
0.0111767 2.74243 2.74243;
0.00558837 2.74243 2.74243;
0 2.74244 2.74244;
-0.00558837 2.74243 2.74243;
-0.0111767 2.74243 2.74243;
-0.016765 2.74241 2.74241;
-0.0187273 2.74239 2.74239;
-0.0284073 2.74236 2.74236;
-0.0339957 2.74233 2.74233;
-0.0395839 2.74229 2.74229;
-0.045172 2.74225 2.74225;
-0.0507601 2.7422 2.7422;
-0.0563479 2.74215 2.74215;
-0.0619357 2.74209 2.74209;
-0.0675234 2.74202 2.74202;
-0.0731109 2.74195 2.74195;
-0.0786983 2.74187 2.74187;
-0.0842855 2.74179 2.74179;
-0.0898725 2.7417 2.7417;
-0.0954593 2.7416 2.7416;
-0.101046 2.7415 2.7415;
-0.106632 2.74139 2.74139;
-0.112218 2.74128 2.74128;
-0.117804 2.74116 2.74116;
-0.12339 2.74104 2.74104;
-0.128976 2.74091 2.74091;
-0.134561 2.74077 2.74077;
-0.140145 2.74063 2.74063;
-0.14573 2.74049 2.74049;
-0.151314 2.74033 2.74033;
-0.156898 2.74018 2.74018;
-0.162482 2.74001 2.74001;
-0.168065 2.73984 2.73984;
-0.173648 2.73967 2.73967;
-0.17923 2.73949 2.73949;
-0.184812 2.7393 2.7393;
-0.190394 2.73911 2.73911;
-0.195975 2.73891 2.73891;
-0.201556 2.7387 2.7387;
-0.207137 2.73849 2.73849;
-0.212717 2.73828 2.73828;
-0.218296 2.73806 2.73806;
-0.223876 2.73783 2.73783;
-0.229454 2.7376 2.7376;
-0.235032 2.73736 2.73736;
-0.24061 2.73712 2.73711;
-0.246187 2.73687 2.73686;
-0.251764 2.73661 2.73661;
-0.25734 2.73635 2.73635;
-0.262915 2.73608 2.73608;
-0.26849 2.73581 2.73581;
-0.274064 2.73553 2.73553;
-0.279638 2.73525 2.73524;
-0.285211 2.73496 2.73495;
-0.290784 2.73466 2.73466;
-0.296356 2.73436 2.73436;
-0.301927 2.73405 2.73405;
-0.307498 2.73374 2.73374;
-0.313068 2.73342 2.73342;
-0.318637 2.7331 2.73309;
-0.324206 2.73277 2.73276;
-0.329773 2.73243 2.73243;
-0.335341 2.73209 2.73209;
-0.340907 2.73174 2.73174;
-0.346473 2.73139 2.73139;
-0.352038 2.73103 2.73103;
-0.357602 2.73067 2.73066;
-0.363166 2.7303 2.73029;
-0.368729 2.72992 2.72992;
-0.374291 2.72954 2.72954;
-0.379852 2.72915 2.72915;
-0.385412 2.72876 2.72876;
-0.390972 2.72836 2.72836;
-0.39653 2.72795 2.72795;
-0.402088 2.72754 2.72754;
-0.407645 2.72713 2.72713;
-0.413201 2.72671 2.72671;
-0.418756 2.72628 2.72628;
-0.424311 2.72585 2.72585;
-0.429864 2.72541 2.72541;
-0.435417 2.72497 2.72496;
-0.440968 2.72452 2.72451;
-0.446519 2.72406 2.72406;
-0.452068 2.7236 2.7236;
-0.457617 2.72313 2.72313;
-0.463165 2.72266 2.72266;
-0.468711 2.72218 2.72218;
-0.474257 2.7217 2.72169;
-0.479802 2.72121 2.7212;
-0.485345 2.72071 2.72071;
-0.490888 2.72021 2.72021;
-0.49643 2.7197 2.7197;
-0.50197 2.71919 2.71919;
-0.50751 2.71867 2.71867;
-0.513048 2.71815 2.71815;
-0.518585 2.71762 2.71762;
-0.524121 2.71708 2.71708;
-0.529656 2.71654 2.71654;
-0.53519 2.716 2.71599;
-0.540723 2.71544 2.71544;
-0.546255 2.71489 2.71488;
-0.551785 2.71432 2.71432;
-0.557314 2.71375 2.71375;
-0.562842 2.71318 2.71317;
-0.568369 2.7126 2.71259;
-0.573895 2.71201 2.71201;
-0.579419 2.71142 2.71141;
-0.584942 2.71082 2.71082;
-0.590464 2.71022 2.71021;
-0.595985 2.70961 2.7096;
-0.601504 2.70899 2.70899;
-0.607022 2.70837 2.70837;
-0.612539 2.70775 2.70774;
-0.618054 2.70712 2.70711;
-0.623568 2.70648 2.70647;
-0.629081 2.70584 2.70583;
-0.634593 2.70519 2.70518;
-0.640103 2.70453 2.70453;
-0.645612 2.70387 2.70387;
-0.651119 2.70321 2.7032;
-0.656625 2.70254 2.70253;
-0.662129 2.70186 2.70185;
-0.667632 2.70118 2.70117;
-0.673134 2.70049 2.70048;
-0.678634 2.69979 2.69979;
-0.684133 2.69909 2.69909;
-0.689631 2.69839 2.69838;
-0.695126 2.69768 2.69767;
-0.700621 2.69696 2.69696;
-0.706114 2.69624 2.69623;
-0.711605 2.69551 2.69551;
-0.717095 2.69478 2.69477;
-0.722583 2.69404 2.69403;
-0.72807 2.6933 2.69329;
-0.733555 2.69255 2.69254;
-0.739039 2.69179 2.69178;
-0.744521 2.69103 2.69102;
-0.750001 2.69026 2.69025;
-0.75548 2.68949 2.68948;
-0.760957 2.68871 2.6887;
-0.766433 2.68793 2.68792;
-0.771907 2.68714 2.68713;
-0.777379 2.68634 2.68633;
-0.78285 2.68554 2.68553;
-0.788319 2.68473 2.68473;
-0.793786 2.68392 2.68391;
-0.799252 2.6831 2.6831;
-0.804715 2.68228 2.68227;
-0.810178 2.68145 2.68144;
-0.815638 2.68062 2.68061;
-0.821097 2.67978 2.67977;
-0.826554 2.67893 2.67892;
-0.832009 2.67808 2.67807;
-0.837462 2.67722 2.67722;
-0.842914 2.67636 2.67635;
-0.848363 2.67549 2.67549;
-0.853811 2.67462 2.67461;
-0.859258 2.67374 2.67373;
-0.864702 2.67286 2.67285;
-0.870144 2.67197 2.67196;
-0.875585 2.67107 2.67106;
-0.881024 2.67017 2.67016;
-0.88646 2.66926 2.66925;
-0.891895 2.66835 2.66834;
-0.897328 2.66743 2.66742;
-0.902759 2.66651 2.6665;
-0.908189 2.66558 2.66557;
-0.913616 2.66464 2.66463;
-0.919041 2.6637 2.66369;
-0.924464 2.66276 2.66275;
-0.929886 2.6618 2.66179;
-0.935305 2.66085 2.66084;
-0.940722 2.65988 2.65987;
-0.946138 2.65892 2.65891;
-0.951551 2.65794 2.65793;
-0.956962 2.65696 2.65695;
-0.962371 2.65598 2.65597;
-0.967779 2.65499 2.65498;
-0.973184 2.65399 2.65398;
-0.978587 2.65299 2.65298;
-0.983988 2.65198 2.65197;
-0.989386 2.65097 2.65096;
-0.994783 2.64995 2.64994;
-1.00018 2.64893 2.64892;
-1.00557 2.6479 2.64789;
-1.01096 2.64686 2.64685;
-1.01635 2.64582 2.64581;
-1.02173 2.64478 2.64477;
-1.02712 2.64373 2.64371;
-1.0325 2.64267 2.64266;
-1.03788 2.64161 2.64159;
-1.04326 2.64054 2.64053;
-1.04863 2.63947 2.63945;
-1.054 2.63839 2.63837;
-1.05937 2.6373 2.63729;
-1.06474 2.63621 2.6362;
-1.07011 2.63512 2.6351;
-1.07547 2.63402 2.634;
-1.08083 2.63291 2.6329;
-1.08619 2.6318 2.63178;
-1.09155 2.63068 2.63067;
-1.0969 2.62956 2.62954;
-1.10225 2.62843 2.62842;
-1.1076 2.6273 2.62728;
-1.11295 2.62616 2.62614;
-1.1183 2.62501 2.625;
-1.12364 2.62386 2.62385;
-1.12898 2.62271 2.62269;
-1.13432 2.62155 2.62153;
-1.13965 2.62038 2.62036;
-1.14498 2.61921 2.61919;
-1.15032 2.61803 2.61801;
-1.15564 2.61685 2.61683;
-1.16097 2.61566 2.61564;
-1.16629 2.61446 2.61445;
-1.17161 2.61326 2.61325;
-1.17693 2.61206 2.61204;
-1.18225 2.61085 2.61083;
-1.18756 2.60963 2.60962;
-1.19287 2.60841 2.60839;
-1.19818 2.60719 2.60717;
-1.20348 2.60595 2.60593;
-1.20878 2.60472 2.6047;
-1.21408 2.60347 2.60345;
-1.21938 2.60222 2.60221;
-1.22468 2.60097 2.60095;
-1.22997 2.59971 2.59969;
-1.23526 2.59845 2.59843;
-1.24055 2.59718 2.59716;
-1.24583 2.5959 2.59588;
-1.25111 2.59462 2.5946;
-1.25639 2.59333 2.59331;
-1.26167 2.59204 2.59202;
-1.26694 2.59075 2.59072;
-1.27221 2.58944 2.58942;
-1.27748 2.58814 2.58811;
-1.28275 2.58682 2.5868;
-1.28801 2.5855 2.58548;
-1.29327 2.58418 2.58416;
-1.29853 2.58285 2.58283;
-1.30378 2.58151 2.58149;
-1.30903 2.58017 2.58015;
-1.31428 2.57883 2.57881;
-1.31953 2.57748 2.57746;
-1.32477 2.57612 2.5761;
-1.33001 2.57476 2.57474;
-1.33525 2.57339 2.57337;
-1.34048 2.57202 2.572;
-1.34571 2.57064 2.57062;
-1.35094 2.56926 2.56924;
-1.35617 2.56787 2.56785;
-1.36139 2.56648 2.56645;
-1.36661 2.56508 2.56505;
-1.37183 2.56367 2.56365;
-1.37704 2.56226 2.56224;
-1.38226 2.56085 2.56082;
-1.38746 2.55943 2.5594;
-1.39267 2.558 2.55798;
-1.39787 2.55657 2.55655;
-1.40307 2.55513 2.55511;
-1.40827 2.55369 2.55367;
-1.41346 2.55225 2.55222;
-1.41865 2.55079 2.55077;
-1.42384 2.54934 2.54931;
-1.42903 2.54787 2.54785;
-1.43421 2.5464 2.54638;
-1.43939 2.54493 2.5449;
-1.44456 2.54345 2.54342;
-1.44973 2.54197 2.54194;
-1.4549 2.54048 2.54045;
-1.46007 2.53898 2.53895;
-1.46523 2.53748 2.53745;
-1.47039 2.53598 2.53595;
-1.47555 2.53447 2.53444;
-1.4807 2.53295 2.53292;
-1.48585 2.53143 2.5314;
-1.491 2.5299 2.52987;
-1.49614 2.52837 2.52834;
-1.50128 2.52683 2.5268;
-1.50642 2.52529 2.52526;
-1.51156 2.52374 2.52371;
-1.51669 2.52219 2.52216;
-1.52181 2.52063 2.5206;
-1.52694 2.51907 2.51904;
-1.53206 2.5175 2.51747;
-1.53718 2.51593 2.5159;
-1.54229 2.51435 2.51432;
-1.54741 2.51276 2.51273;
-1.55251 2.51118 2.51114;
-1.55762 2.50958 2.50955;
-1.56272 2.50798 2.50795;
-1.56782 2.50638 2.50634;
-1.57291 2.50477 2.50473;
-1.57801 2.50315 2.50312;
-1.58309 2.50153 2.5015;
-1.58818 2.4999 2.49987;
-1.59326 2.49827 2.49824;
-1.59834 2.49664 2.4966;
-1.60341 2.49499 2.49496;
-1.60848 2.49335 2.49331;
